50000.506944444445        1300                      
50000.506956018522        1299.8398522614236        
50000.506967592592        1299.6797045228473        
50000.506979166668        1299.5195567842709        
50000.506990740745        1299.3594090456945        
50000.507002314815        1299.1992613071181        
50000.507013888891        1299.0391135685418        
50000.507025462961        1298.8789658299654        
50000.507037037038        1298.718818091389         
50000.507048611114        1298.5586703528127        
50000.507060185184        1298.3985226142363        
50000.507071759261        1298.2383748756599        
50000.507083333338        1298.0782271370836        
50000.507094907407        1297.9180793985072        
50000.507106481484        1297.7579316599308        
50000.507118055553        1297.5977839213544        
50000.50712962963         1297.4376361827781        
50000.507141203707        1297.2774884442017        
50000.507152777776        1297.1173407056253        
50000.507164351853        1296.957192967049         
50000.50717592593         1296.7970452284726        
50000.507187499999        1296.6368974898962        
50000.507199074076        1296.4767497513199        
50000.507210648146        1296.3166020127435        
50000.507222222222        1296.1564542741671        
50000.507233796299        1295.9963065355907        
50000.507245370369        1295.8361587970144        
50000.507256944446        1295.676011058438         
50000.507268518522        1295.5158633198616        
50000.507280092592        1295.3557155812853        
50000.507291666669        1295.1955678427089        
50000.507303240738        1295.0354201041325        
50000.507314814815        1294.8752723655562        
50000.507326388892        1294.7151246269798        
50000.507337962961        1294.5549768884034        
50000.507349537038        1294.394829149827         
50000.507361111115        1294.2346814112507        
50000.507372685184        1294.0745336726743        
50000.507384259261        1293.9143859340979        
50000.507395833331        1293.7542381955216        
50000.507407407407        1293.5940904569452        
50000.507418981484        1293.4339427183688        
50000.507430555554        1293.2737949797925        
50000.50744212963         1293.1136472412161        
50000.507453703707        1292.9534995026397        
50000.507465277777        1292.7933517640633        
50000.507476851853        1292.633204025487         
50000.50748842593         1292.4730562869106        
50000.5075                1292.3129085483342        
50000.507511574076        1292.1527608097579        
50000.507523148146        1291.9926130711815        
50000.507534722223        1291.8324653326051        
50000.5075462963          1291.6723175940288        
50000.507557870369        1291.5121698554524        
50000.507569444446        1291.352022116876         
50000.507581018523        1291.1918743782996        
50000.507592592592        1291.0317266397233        
50000.507604166669        1290.8715789011469        
50000.507615740738        1290.7114311625705        
50000.507627314815        1290.5512834239942        
50000.507638888892        1290.3911356854178        
50000.507650462961        1290.2309879468414        
50000.507662037038        1290.0708402082651        
50000.507673611115        1289.9106924696887        
50000.507685185185        1289.7505447311123        
50000.507696759261        1289.5903969925359        
50000.507708333331        1289.4302492539596        
50000.507719907408        1289.2701015153832        
50000.507731481484        1289.1099537768068        
50000.507743055554        1288.9498060382305        
50000.507754629631        1288.7896582996541        
50000.507766203707        1288.6295105610777        
50000.507777777777        1288.4693628225014        
50000.507789351854        1288.309215083925         
50000.507800925923        1288.1490673453486        
50000.5078125             1287.9889196067722        
50000.507824074077        1287.8287718681959        
50000.507835648146        1287.6686241296195        
50000.507847222223        1287.5084763910431        
50000.5078587963          1287.3483286524668        
50000.507870370369        1287.1881809138904        
50000.507881944446        1287.028033175314         
50000.507893518523        1286.8678854367377        
50000.507905092592        1286.7077376981613        
50000.507916666669        1286.5475899595849        
50000.507928240739        1286.3874422210085        
50000.507939814815        1286.2272944824322        
50000.507951388892        1286.0671467438558        
50000.507962962962        1285.9069990052794        
50000.507974537039        1285.7468512667031        
50000.507986111115        1285.5867035281267        
50000.507997685185        1285.4265557895503        
50000.508009259262        1285.266408050974         
50000.508020833331        1285.1062603123976        
50000.508032407408        1284.9461125738212        
50000.508043981485        1284.7859648352448        
50000.508055555554        1284.6258170966685        
50000.508067129631        1284.4656693580921        
50000.508078703708        1284.3055216195157        
50000.508090277777        1284.1453738809394        
50000.508101851854        1283.985226142363         
50000.508113425924        1283.8250784037866        
50000.508125              1283.6649306652102        
50000.508136574077        1283.5047829266339        
50000.508148148147        1283.3446351880575        
50000.508159722223        1283.1844874494811        
50000.5081712963          1283.0243397109048        
50000.50818287037         1282.8641919723284        
50000.508194444446        1282.704044233752         
50000.508206018516        1282.5438964951757        
50000.508217592593        1282.3837487565993        
50000.508229166669        1282.2236010180229        
50000.508240740739        1282.0634532794465        
50000.508252314816        1281.9033055408702        
50000.508263888893        1281.7431578022938        
50000.508275462962        1281.5830100637174        
50000.508287037039        1281.4228623251411        
50000.508298611108        1281.2627145865647        
50000.508310185185        1281.1025668479883        
50000.508321759262        1280.942419109412         
50000.508333333331        1280.7822713708356        
50000.508344907408        1280.6221236322592        
50000.508356481485        1280.4619758936828        
50000.508368055554        1280.3018281551065        
50000.508379629631        1280.1416804165301        
50000.508391203708        1279.9815326779537        
50000.508402777778        1279.8213849393774        
50000.508414351854        1279.661237200801         
50000.508425925924        1279.5010894622246        
50000.508437500001        1279.3409417236483        
50000.508449074077        1279.1807939850719        
50000.508460648147        1279.0206462464955        
50000.508472222224        1278.8604985079191        
50000.5084837963          1278.7003507693428        
50000.50849537037         1278.5402030307664        
50000.508506944447        1278.38005529219          
50000.508518518516        1278.2199075536137        
50000.508530092593        1278.0597598150373        
50000.50854166667         1277.8996120764609        
50000.508553240739        1277.7394643378846        
50000.508564814816        1277.5793165993082        
50000.508576388893        1277.4191688607318        
50000.508587962962        1277.2590211221554        
50000.508599537039        1277.0988733835791        
50000.508611111109        1276.9387256450027        
50000.508622685185        1276.7785779064263        
50000.508634259262        1276.61843016785          
50000.508645833332        1276.4582824292736        
50000.508657407408        1276.2981346906972        
50000.508668981485        1276.1379869521209        
50000.508680555555        1275.9778392135445        
50000.508692129632        1275.8176914749681        
50000.508703703701        1275.6575437363917        
50000.508715277778        1275.4973959978154        
50000.508726851855        1275.337248259239         
50000.508738425924        1275.1771005206626        
50000.508750000001        1275.0169527820863        
50000.508761574078        1274.8568050435099        
50000.508773148147        1274.6966573049335        
50000.508784722224        1274.5365095663572        
50000.508796296301        1274.3763618277808        
50000.50880787037         1274.2162140892044        
50000.508819444447        1274.056066350628         
50000.508831018517        1273.8959186120517        
50000.508842592593        1273.7357708734753        
50000.50885416667         1273.5756231348989        
50000.50886574074         1273.4154753963226        
50000.508877314816        1273.2553276577462        
50000.508888888893        1273.0951799191698        
50000.508900462963        1272.9350321805935        
50000.508912037039        1272.7748844420171        
50000.508923611109        1272.6147367034407        
50000.508935185186        1272.4545889648643        
50000.508946759262        1272.294441226288         
50000.508958333332        1272.1342934877116        
50000.508969907409        1271.9741457491352        
50000.508981481486        1271.8139980105589        
50000.508993055555        1271.6538502719825        
50000.509004629632        1271.4937025334061        
50000.509016203701        1271.3335547948298        
50000.509027777778        1271.1734070562534        
50000.509039351855        1271.013259317677         
50000.509050925924        1270.8531115791006        
50000.509062500001        1270.6929638405243        
50000.509074074078        1270.5328161019479        
50000.509085648147        1270.3726683633715        
50000.509097222224        1270.2125206247952        
50000.509108796294        1270.0523728862188        
50000.509120370371        1269.8922251476424        
50000.509131944447        1269.7320774090661        
50000.509143518517        1269.5719296704897        
50000.509155092594        1269.4117819319133        
50000.50916666667         1269.2516341933369        
50000.50917824074         1269.0914864547606        
50000.509189814817        1268.9313387161842        
50000.509201388886        1268.7711909776078        
50000.509212962963        1268.6110432390315        
50000.50922453704         1268.4508955004551        
50000.509236111109        1268.2907477618787        
50000.509247685186        1268.1306000233023        
50000.509259259263        1267.970452284726         
50000.509270833332        1267.8103045461496        
50000.509282407409        1267.6501568075732        
50000.509293981486        1267.4900090689969        
50000.509305555555        1267.3298613304205        
50000.509317129632        1267.1697135918441        
50000.509328703702        1267.0095658532678        
50000.509340277778        1266.8494181146914        
50000.509351851855        1266.689270376115         
50000.509363425925        1266.5291226375386        
50000.509375000001        1266.3689748989623        
50000.509386574078        1266.2088271603859        
50000.509398148148        1266.0486794218095        
50000.509409722225        1265.8885316832332        
50000.509421296294        1265.7283839446568        
50000.509432870371        1265.5682362060804        
50000.509444444448        1265.4080884675041        
50000.509456018517        1265.2479407289277        
50000.509467592594        1265.0877929903513        
50000.509479166671        1264.9276452517749        
50000.50949074074         1264.7674975131986        
50000.509502314817        1264.6073497746222        
50000.509513888886        1264.4472020360458        
50000.509525462963        1264.2870542974695        
50000.50953703704         1264.1269065588931        
50000.509548611109        1263.9667588203167        
50000.509560185186        1263.8066110817404        
50000.509571759263        1263.646463343164         
50000.509583333333        1263.4863156045876        
50000.509594907409        1263.3261678660112        
50000.509606481479        1263.1660201274349        
50000.509618055556        1263.0058723888585        
50000.509629629632        1262.8457246502821        
50000.509641203702        1262.6855769117058        
50000.509652777779        1262.5254291731294        
50000.509664351855        1262.365281434553         
50000.509675925925        1262.2051336959767        
50000.509687500002        1262.0449859574003        
50000.509699074071        1261.8848382188239        
50000.509710648148        1261.7246904802475        
50000.509722222225        1261.5645427416712        
50000.509733796294        1261.4043950030948        
50000.509745370371        1261.2442472645184        
50000.509756944448        1261.0840995259421        
50000.509768518517        1260.9239517873657        
50000.509780092594        1260.7638040487893        
50000.509791666671        1260.603656310213         
50000.50980324074         1260.4435085716366        
50000.509814814817        1260.2833608330602        
50000.509826388887        1260.1232130944838        
50000.509837962964        1259.9630653559075        
50000.50984953704         1259.8029176173311        
50000.50986111111         1259.6427698787547        
50000.509872685187        1259.4826221401784        
50000.509884259263        1259.322474401602         
50000.509895833333        1259.1623266630256        
50000.50990740741         1259.0021789244493        
50000.509918981479        1258.8420311858729        
50000.509930555556        1258.6818834472965        
50000.509942129633        1258.5217357087201        
50000.509953703702        1258.3615879701438        
50000.509965277779        1258.2014402315674        
50000.509976851856        1258.041292492991         
50000.509988425925        1257.8811447544147        
50000.510000000002        1257.7209970158383        
50000.510011574072        1257.5608492772619        
50000.510023148148        1257.4007015386856        
50000.510034722225        1257.2405538001092        
50000.510046296295        1257.0804060615328        
50000.510057870371        1256.9202583229564        
50000.510069444448        1256.7601105843801        
50000.510081018518        1256.5999628458037        
50000.510092592594        1256.4398151072273        
50000.510104166664        1256.279667368651         
50000.510115740741        1256.1195196300746        
50000.510127314818        1255.9593718914982        
50000.510138888887        1255.7992241529219        
50000.510150462964        1255.6390764143455        
50000.510162037041        1255.4789286757691        
50000.51017361111         1255.3187809371927        
50000.510185185187        1255.1586331986164        
50000.510196759264        1254.99848546004          
50000.510208333333        1254.8383377214636        
50000.51021990741         1254.6781899828873        
50000.510231481479        1254.5180422443109        
50000.510243055556        1254.3578945057345        
50000.510254629633        1254.1977467671582        
50000.510266203702        1254.0375990285818        
50000.510277777779        1253.8774512900054        
50000.510289351856        1253.717303551429         
50000.510300925926        1253.5571558128527        
50000.510312500002        1253.3970080742763        
50000.510324074072        1253.2368603356999        
50000.510335648149        1253.0767125971236        
50000.510347222225        1252.9165648585472        
50000.510358796295        1252.7564171199708        
50000.510370370372        1252.5962693813944        
50000.510381944448        1252.4361216428181        
50000.510393518518        1252.2759739042417        
50000.510405092595        1252.1158261656653        
50000.510416666664        1251.955678427089         
50000.510428240741        1251.7955306885126        
50000.510439814818        1251.6353829499362        
50000.510451388887        1251.4752352113599        
50000.510462962964        1251.3150874727835        
50000.510474537041        1251.1549397342071        
50000.51048611111         1250.9947919956307        
50000.510497685187        1250.8346442570544        
50000.510509259257        1250.674496518478         
50000.510520833333        1250.5143487799016        
50000.51053240741         1250.3542010413253        
50000.51054398148         1250.1940533027489        
50000.510555555556        1250.0339055641725        
50000.510567129633        1249.8737578255962        
50000.510578703703        1249.7136100870198        
50000.51059027778         1249.5534623484434        
50000.510601851849        1249.393314609867         
50000.510613425926        1249.2331668712907        
50000.510625000003        1249.0730191327143        
50000.510636574072        1248.9128713941379        
50000.510648148149        1248.7527236555616        
50000.510659722226        1248.5925759169852        
50000.510671296295        1248.4324281784088        
50000.510682870372        1248.2722804398325        
50000.510694444449        1248.1121327012561        
50000.510706018518        1247.9519849626797        
50000.510717592595        1247.7918372241033        
50000.510729166665        1247.631689485527         
50000.510740740741        1247.4715417469506        
50000.510752314818        1247.3113940083742        
50000.510763888888        1247.1512462697979        
50000.510775462964        1246.9910985312215        
50000.510787037041        1246.8309507926451        
50000.510798611111        1246.6708030540688        
50000.510802083336        1246.6227587324959        
