7000.5069444444443        1300                      
7000.5069560185184        1299.8398522614236        
7000.5069675925924        1299.6797045228473        
7000.5069791666665        1299.5195567842709        
7000.5069907407405        1299.3594090456945        
7000.5070023148146        1299.1992613071181        
7000.5070138888887        1299.0391135685418        
7000.5070254629627        1298.8789658299654        
7000.5070370370368        1298.718818091389         
7000.5070486111108        1298.5586703528127        
7000.5070601851849        1298.3985226142363        
7000.5070717592589        1298.2383748756599        
7000.507083333333         1298.0782271370836        
7000.507094907407         1297.9180793985072        
7000.5071064814811        1297.7579316599308        
7000.5071180555551        1297.5977839213544        
7000.5071296296292        1297.4376361827781        
7000.5071412037032        1297.2774884442017        
7000.5071527777773        1297.1173407056253        
7000.5071643518513        1296.957192967049         
7000.5071759259263        1296.7970452284726        
7000.5071875000003        1296.6368974898962        
7000.5071990740744        1296.4767497513199        
7000.5072106481484        1296.3166020127435        
7000.5072222222225        1296.1564542741671        
7000.5072337962965        1295.9963065355907        
7000.5072453703706        1295.8361587970144        
7000.5072569444446        1295.676011058438         
7000.5072685185187        1295.5158633198616        
7000.5072800925927        1295.3557155812853        
7000.5072916666668        1295.1955678427089        
7000.5073032407408        1295.0354201041325        
7000.5073148148149        1294.8752723655562        
7000.5073263888889        1294.7151246269798        
7000.507337962963         1294.5549768884034        
7000.507349537037         1294.394829149827         
7000.5073611111111        1294.2346814112507        
7000.5073726851851        1294.0745336726743        
7000.5073842592592        1293.9143859340979        
7000.5073958333332        1293.7542381955216        
7000.5074074074073        1293.5940904569452        
7000.5074189814814        1293.4339427183688        
7000.5074305555554        1293.2737949797925        
7000.5074421296295        1293.1136472412161        
7000.5074537037035        1292.9534995026397        
7000.5074652777776        1292.7933517640633        
7000.5074768518516        1292.633204025487         
7000.5074884259257        1292.4730562869106        
7000.5074999999997        1292.3129085483342        
7000.5075115740738        1292.1527608097579        
7000.5075231481478        1291.9926130711815        
7000.5075347222219        1291.8324653326051        
7000.5075462962959        1291.6723175940288        
7000.50755787037          1291.5121698554524        
7000.507569444444         1291.352022116876         
7000.5075810185181        1291.1918743782996        
7000.5075925925921        1291.0317266397233        
7000.5076041666662        1290.8715789011469        
7000.5076157407402        1290.7114311625705        
7000.5076273148143        1290.5512834239942        
7000.5076388888892        1290.3911356854178        
7000.5076504629633        1290.2309879468414        
7000.5076620370373        1290.0708402082651        
7000.5076736111114        1289.9106924696887        
7000.5076851851854        1289.7505447311123        
7000.5076967592595        1289.5903969925359        
7000.5077083333335        1289.4302492539596        
7000.5077199074076        1289.2701015153832        
7000.5077314814816        1289.1099537768068        
7000.5077430555557        1288.9498060382305        
7000.5077546296297        1288.7896582996541        
7000.5077662037038        1288.6295105610777        
7000.5077777777778        1288.4693628225014        
7000.5077893518519        1288.309215083925         
7000.5078009259259        1288.1490673453486        
7000.5078125              1287.9889196067722        
7000.5078240740741        1287.8287718681959        
7000.5078356481481        1287.6686241296195        
7000.5078391203706        1287.6205798080466        
