7000.5069444444443        1300                      
7000.5069560185184        1299.8398522614236        
7000.5069675925924        1299.6797045228473        
7000.5069791666665        1299.5195567842709        
7000.5069907407405        1299.3594090456945        
7000.5070023148146        1299.1992613071181        
7000.5070138888887        1299.0391135685418        
7000.5070254629627        1298.8789658299654        
7000.5070370370368        1298.718818091389         
7000.5070486111108        1298.5586703528127        
7000.5070601851849        1298.3985226142363        
7000.5070717592589        1298.2383748756599        
7000.507083333333         1298.0782271370836        
7000.507094907407         1297.9180793985072        
7000.5071064814811        1297.7579316599308        
7000.5071180555551        1297.5977839213544        
7000.5071296296292        1297.4376361827781        
7000.5071412037032        1297.2774884442017        
7000.5071527777773        1297.1173407056253        
7000.5071643518513        1296.957192967049         
7000.5071759259263        1296.7970452284726        
7000.5071875000003        1296.6368974898962        
7000.5071990740744        1296.4767497513199        
7000.5072106481484        1296.3166020127435        
7000.5072222222225        1296.1564542741671        
7000.5072337962965        1295.9963065355907        
7000.5072453703706        1295.8361587970144        
7000.5072569444446        1295.676011058438         
7000.5072685185187        1295.5158633198616        
7000.5072800925927        1295.3557155812853        
7000.5072916666668        1295.1955678427089        
7000.5073032407408        1295.0354201041325        
7000.5073148148149        1294.8752723655562        
7000.5073263888889        1294.7151246269798        
7000.507337962963         1294.5549768884034        
7000.507349537037         1294.394829149827         
7000.5073611111111        1294.2346814112507        
7000.5073726851851        1294.0745336726743        
7000.5073842592592        1293.9143859340979        
7000.5073958333332        1293.7542381955216        
7000.5074074074073        1293.5940904569452        
7000.5074189814814        1293.4339427183688        
7000.5074305555554        1293.2737949797925        
7000.5074421296295        1293.1136472412161        
7000.5074537037035        1292.9534995026397        
7000.5074652777776        1292.7933517640633        
7000.5074768518516        1292.633204025487         
7000.5074884259257        1292.4730562869106        
7000.5074999999997        1292.3129085483342        
7000.5075115740738        1292.1527608097579        
7000.5075231481478        1291.9926130711815        
7000.5075347222219        1291.8324653326051        
7000.5075462962959        1291.6723175940288        
7000.50755787037          1291.5121698554524        
7000.507569444444         1291.352022116876         
7000.5075810185181        1291.1918743782996        
7000.5075925925921        1291.0317266397233        
7000.5076041666662        1290.8715789011469        
7000.5076157407402        1290.7114311625705        
7000.5076273148143        1290.5512834239942        
7000.5076388888892        1290.3911356854178        
7000.5076504629633        1290.2309879468414        
7000.5076620370373        1290.0708402082651        
7000.5076736111114        1289.9106924696887        
7000.5076851851854        1289.7505447311123        
7000.5076967592595        1289.5903969925359        
7000.5077083333335        1289.4302492539596        
7000.5077199074076        1289.2701015153832        
7000.5077314814816        1289.1099537768068        
7000.5077430555557        1288.9498060382305        
7000.5077546296297        1288.7896582996541        
7000.5077662037038        1288.6295105610777        
7000.5077777777778        1288.4693628225014        
7000.5077893518519        1288.309215083925         
7000.5078009259259        1288.1490673453486        
7000.5078125              1287.9889196067722        
7000.5078240740741        1287.8287718681959        
7000.5078356481481        1287.6686241296195        
7000.5078472222222        1287.5084763910431        
7000.5078587962962        1287.3483286524668        
7000.5078703703703        1287.1881809138904        
7000.5078819444443        1287.028033175314         
7000.5078935185184        1286.8678854367377        
7000.5079050925924        1286.7077376981613        
7000.5079166666665        1286.5475899595849        
7000.5079282407405        1286.3874422210085        
7000.5079398148146        1286.2272944824322        
7000.5079513888886        1286.0671467438558        
7000.5079629629627        1285.9069990052794        
7000.5079745370367        1285.7468512667031        
7000.5079861111108        1285.5867035281267        
7000.5079976851848        1285.4265557895503        
7000.5080092592589        1285.266408050974         
7000.5080208333329        1285.1062603123976        
7000.508032407407         1284.9461125738212        
7000.508043981481         1284.7859648352448        
7000.5080555555551        1284.6258170966685        
7000.5080671296291        1284.4656693580921        
7000.5080787037032        1284.3055216195157        
7000.5080902777772        1284.1453738809394        
7000.5081018518522        1283.985226142363         
7000.5081134259262        1283.8250784037866        
7000.5081250000003        1283.6649306652102        
7000.5081365740743        1283.5047829266339        
7000.5081481481484        1283.3446351880575        
7000.5081597222224        1283.1844874494811        
7000.5081712962965        1283.0243397109048        
7000.5081828703705        1282.8641919723284        
7000.5081944444446        1282.704044233752         
7000.5082060185186        1282.5438964951757        
7000.5082175925927        1282.3837487565993        
7000.5082291666668        1282.2236010180229        
7000.5082407407408        1282.0634532794465        
7000.5082523148149        1281.9033055408702        
7000.5082638888889        1281.7431578022938        
7000.508275462963         1281.5830100637174        
7000.508287037037         1281.4228623251411        
7000.5082986111111        1281.2627145865647        
7000.5083101851851        1281.1025668479883        
7000.5083217592592        1280.942419109412         
7000.5083333333332        1280.7822713708356        
7000.5083414351848        1280.6701679538321        
