31041.506572342383        1300                      
31041.506583916456        1299.8398522614236        
31041.506595490533        1299.6797045228473        
31041.506607064606        1299.5195567842709        
31041.506618638679        1299.3594090456945        
31041.506630212752        1299.1992613071181        
31041.506641786829        1299.0391135685418        
31041.506653360902        1298.8789658299654        
31041.506664934976        1298.718818091389         
31041.506676509049        1298.5586703528127        
31041.506688083125        1298.3985226142363        
31041.506699657199        1298.2383748756599        
31041.506711231272        1298.0782271370836        
31041.506722805345        1297.9180793985072        
31041.506734379422        1297.7579316599308        
31041.506745953495        1297.5977839213544        
31041.506757527568        1297.4376361827781        
31041.506769101641        1297.2774884442017        
31041.506780675718        1297.1173407056253        
31041.506792249791        1296.957192967049         
31041.506803823864        1296.7970452284726        
31041.506815397937        1296.6368974898962        
31041.506826972014        1296.4767497513199        
31041.506838546087        1296.3166020127435        
31041.50685012016         1296.1564542741671        
31041.506861694234        1295.9963065355907        
31041.50687326831         1295.8361587970144        
31041.506884842383        1295.676011058438         
31041.506896416457        1295.5158633198616        
31041.50690799053         1295.3557155812853        
31041.506919564607        1295.1955678427089        
31041.50693113868         1295.0354201041325        
31041.506942712753        1294.8752723655562        
31041.506954286826        1294.7151246269798        
31041.506965860903        1294.5549768884034        
31041.506977434976        1294.394829149827         
31041.506989009049        1294.2346814112507        
31041.507000583122        1294.0745336726743        
31041.507012157199        1293.9143859340979        
31041.507023731272        1293.7542381955216        
31041.507035305345        1293.5940904569452        
31041.507046879422        1293.4339427183688        
31041.507058453495        1293.2737949797925        
31041.507070027568        1293.1136472412161        
31041.507081601641        1292.9534995026397        
31041.507093175718        1292.7933517640633        
31041.507104749791        1292.633204025487         
31041.507116323864        1292.4730562869106        
31041.507127897938        1292.3129085483342        
31041.507139472014        1292.1527608097579        
31041.507151046088        1291.9926130711815        
31041.507162620161        1291.8324653326051        
31041.507174194234        1291.6723175940288        
31041.507185768311        1291.5121698554524        
31041.507197342384        1291.352022116876         
31041.507208916457        1291.1918743782996        
31041.50722049053         1291.0317266397233        
31041.507232064607        1290.8715789011469        
31041.50724363868         1290.7114311625705        
31041.507255212753        1290.5512834239942        
31041.507266786826        1290.3911356854178        
31041.507278360903        1290.2309879468414        
31041.507289934976        1290.0708402082651        
31041.507301509049        1289.9106924696887        
31041.507313083122        1289.7505447311123        
31041.507324657199        1289.5903969925359        
31041.507336231272        1289.4302492539596        
31041.507347805345        1289.2701015153832        
31041.507359379419        1289.1099537768068        
31041.507370953495        1288.9498060382305        
31041.507382527569        1288.7896582996541        
31041.507394101642        1288.6295105610777        
31041.507405675715        1288.4693628225014        
31041.507417249792        1288.309215083925         
31041.507428823865        1288.1490673453486        
31041.507440397938        1287.9889196067722        
31041.507451972011        1287.8287718681959        
31041.507463546088        1287.6686241296195        
31041.507475120161        1287.5084763910431        
31041.507486694234        1287.3483286524668        
31041.507498268311        1287.1881809138904        
31041.507509842384        1287.028033175314         
31041.507521416457        1286.8678854367377        
31041.50753299053         1286.7077376981613        
31041.507544564607        1286.5475899595849        
31041.50755613868         1286.3874422210085        
31041.507567712753        1286.2272944824322        
31041.507579286827        1286.0671467438558        
31041.507590860903        1285.9069990052794        
31041.507602434976        1285.7468512667031        
31041.50761400905         1285.5867035281267        
31041.507625583123        1285.4265557895503        
31041.507637157199        1285.266408050974         
31041.507648731273        1285.1062603123976        
31041.507660305346        1284.9461125738212        
31041.507671879419        1284.7859648352448        
31041.507683453496        1284.6258170966685        
31041.507695027569        1284.4656693580921        
31041.507706601642        1284.3055216195157        
31041.507718175715        1284.1453738809394        
31041.507729749792        1283.985226142363         
31041.507741323865        1283.8250784037866        
31041.507752897938        1283.6649306652102        
31041.507764472011        1283.5047829266339        
31041.507776046088        1283.3446351880575        
31041.507787620161        1283.1844874494811        
31041.507799194234        1283.0243397109048        
31041.507810768308        1282.8641919723284        
31041.507822342384        1282.704044233752         
31041.507833916457        1282.5438964951757        
31041.507845490531        1282.3837487565993        
31041.507857064604        1282.2236010180229        
31041.507868638681        1282.0634532794465        
31041.507880212754        1281.9033055408702        
31041.507891786827        1281.7431578022938        
31041.5079033609          1281.5830100637174        
31041.507914934977        1281.4228623251411        
31041.50792650905         1281.2627145865647        
31041.507938083123        1281.1025668479883        
31041.507949657196        1280.942419109412         
31041.507961231273        1280.7822713708356        
31041.507969333124        1280.6701679538321        
