31041.506572342383        1300                      
31041.506583916456        1299.8398522614236        
31041.506595490533        1299.6797045228473        
31041.506607064606        1299.5195567842709        
31041.506618638679        1299.3594090456945        
31041.506630212752        1299.1992613071181        
31041.506641786829        1299.0391135685418        
31041.506653360902        1298.8789658299654        
31041.506664934976        1298.718818091389         
31041.506676509049        1298.5586703528127        
31041.506688083125        1298.3985226142363        
31041.506699657199        1298.2383748756599        
31041.506711231272        1298.0782271370836        
31041.506722805345        1297.9180793985072        
31041.506734379422        1297.7579316599308        
31041.506745953495        1297.5977839213544        
31041.506757527568        1297.4376361827781        
31041.506769101641        1297.2774884442017        
31041.506780675718        1297.1173407056253        
31041.506792249791        1296.957192967049         
31041.506803823864        1296.7970452284726        
31041.506815397937        1296.6368974898962        
31041.506826972014        1296.4767497513199        
31041.506838546087        1296.3166020127435        
31041.50685012016         1296.1564542741671        
31041.506861694234        1295.9963065355907        
31041.50687326831         1295.8361587970144        
31041.506884842383        1295.676011058438         
31041.506896416457        1295.5158633198616        
31041.50690799053         1295.3557155812853        
31041.506919564607        1295.1955678427089        
31041.50693113868         1295.0354201041325        
31041.506942712753        1294.8752723655562        
31041.506954286826        1294.7151246269798        
31041.506965860903        1294.5549768884034        
31041.506977434976        1294.394829149827         
31041.506989009049        1294.2346814112507        
31041.507000583122        1294.0745336726743        
31041.507012157199        1293.9143859340979        
31041.507023731272        1293.7542381955216        
31041.507035305345        1293.5940904569452        
31041.507046879422        1293.4339427183688        
31041.507058453495        1293.2737949797925        
31041.507070027568        1293.1136472412161        
31041.507081601641        1292.9534995026397        
31041.507093175718        1292.7933517640633        
31041.507104749791        1292.633204025487         
31041.507116323864        1292.4730562869106        
31041.507127897938        1292.3129085483342        
31041.507139472014        1292.1527608097579        
31041.507151046088        1291.9926130711815        
31041.507162620161        1291.8324653326051        
31041.507174194234        1291.6723175940288        
31041.507185768311        1291.5121698554524        
31041.507197342384        1291.352022116876         
31041.507208916457        1291.1918743782996        
31041.50722049053         1291.0317266397233        
31041.507232064607        1290.8715789011469        
31041.50724363868         1290.7114311625705        
31041.507255212753        1290.5512834239942        
31041.507266786826        1290.3911356854178        
31041.507278360903        1290.2309879468414        
31041.507289934976        1290.0708402082651        
31041.507301509049        1289.9106924696887        
31041.507313083122        1289.7505447311123        
31041.507324657199        1289.5903969925359        
31041.507336231272        1289.4302492539596        
31041.507347805345        1289.2701015153832        
31041.507359379419        1289.1099537768068        
31041.507370953495        1288.9498060382305        
31041.507382527569        1288.7896582996541        
31041.507394101642        1288.6295105610777        
31041.507405675715        1288.4693628225014        
31041.507417249792        1288.309215083925         
31041.507428823865        1288.1490673453486        
31041.507440397938        1287.9889196067722        
31041.507451972011        1287.8287718681959        
31041.507463546088        1287.6686241296195        
31041.507475120161        1287.5084763910431        
31041.507486694234        1287.3483286524668        
31041.507498268311        1287.1881809138904        
31041.507509842384        1287.028033175314         
31041.507521416457        1286.8678854367377        
31041.50753299053         1286.7077376981613        
31041.507544564607        1286.5475899595849        
31041.50755613868         1286.3874422210085        
31041.507567712753        1286.2272944824322        
31041.507579286827        1286.0671467438558        
31041.507590860903        1285.9069990052794        
31041.507602434976        1285.7468512667031        
31041.50761400905         1285.5867035281267        
31041.507625583123        1285.4265557895503        
31041.507637157199        1285.266408050974         
31041.507648731273        1285.1062603123976        
31041.507660305346        1284.9461125738212        
31041.507671879419        1284.7859648352448        
31041.507683453496        1284.6258170966685        
31041.507695027569        1284.4656693580921        
31041.507706601642        1284.3055216195157        
31041.507718175715        1284.1453738809394        
31041.507729749792        1283.985226142363         
31041.507741323865        1283.8250784037866        
31041.507752897938        1283.6649306652102        
31041.507764472011        1283.5047829266339        
31041.507776046088        1283.3446351880575        
31041.507787620161        1283.1844874494811        
31041.507799194234        1283.0243397109048        
31041.507810768308        1282.8641919723284        
31041.507822342384        1282.704044233752         
31041.507833916457        1282.5438964951757        
31041.507845490531        1282.3837487565993        
31041.507857064604        1282.2236010180229        
31041.507868638681        1282.0634532794465        
31041.507880212754        1281.9033055408702        
31041.507891786827        1281.7431578022938        
31041.5079033609          1281.5830100637174        
31041.507914934977        1281.4228623251411        
31041.50792650905         1281.2627145865647        
31041.507938083123        1281.1025668479883        
31041.507949657196        1280.942419109412         
31041.507961231273        1280.7822713708356        
31041.507972805346        1280.6221236322592        
31041.507984379419        1280.4619758936828        
31041.507995953496        1280.3018281551065        
31041.508007527569        1280.1416804165301        
31041.508019101642        1279.9815326779537        
31041.508030675715        1279.8213849393774        
31041.508042249792        1279.661237200801         
31041.508053823865        1279.5010894622246        
31041.508065397938        1279.3409417236483        
31041.508076972012        1279.1807939850719        
31041.508088546088        1279.0206462464955        
31041.508100120162        1278.8604985079191        
31041.508111694235        1278.7003507693428        
31041.508123268308        1278.5402030307664        
31041.508134842385        1278.38005529219          
31041.508146416458        1278.2199075536137        
31041.508157990531        1278.0597598150373        
31041.508169564604        1277.8996120764609        
31041.508181138681        1277.7394643378846        
31041.508192712754        1277.5793165993082        
31041.508204286827        1277.4191688607318        
31041.5082158609          1277.2590211221554        
31041.508227434977        1277.0988733835791        
31041.50823900905         1276.9387256450027        
31041.508250583123        1276.7785779064263        
31041.508262157196        1276.61843016785          
31041.508273731273        1276.4582824292736        
31041.508285305346        1276.2981346906972        
31041.50829687942         1276.1379869521209        
31041.508308453493        1275.9778392135445        
31041.508320027569        1275.8176914749681        
31041.508331601643        1275.6575437363917        
31041.508343175716        1275.4973959978154        
31041.508354749789        1275.337248259239         
31041.508366323866        1275.1771005206626        
31041.508377897939        1275.0169527820863        
31041.508389472012        1274.8568050435099        
31041.508401046085        1274.6966573049335        
31041.508412620162        1274.5365095663572        
31041.508424194235        1274.3763618277808        
31041.508435768308        1274.2162140892044        
31041.508447342385        1274.056066350628         
31041.508458916458        1273.8959186120517        
31041.508470490531        1273.7357708734753        
31041.508482064604        1273.5756231348989        
31041.508493638681        1273.4154753963226        
31041.508505212754        1273.2553276577462        
31041.508516786827        1273.0951799191698        
31041.508528360901        1272.9350321805935        
31041.508539934977        1272.7748844420171        
31041.50855150905         1272.6147367034407        
31041.508563083124        1272.4545889648643        
31041.508574657197        1272.294441226288         
31041.508586231274        1272.1342934877116        
31041.508597805347        1271.9741457491352        
31041.50860937942         1271.8139980105589        
31041.508620953493        1271.6538502719825        
31041.50863252757         1271.4937025334061        
31041.508644101643        1271.3335547948298        
31041.508655675716        1271.1734070562534        
31041.508667249789        1271.013259317677         
31041.508678823866        1270.8531115791006        
31041.508690397939        1270.6929638405243        
31041.508701972012        1270.5328161019479        
31041.508713546085        1270.3726683633715        
31041.508725120162        1270.2125206247952        
31041.508736694235        1270.0523728862188        
31041.508748268308        1269.8922251476424        
31041.508759842382        1269.7320774090661        
31041.508771416458        1269.5719296704897        
31041.508782990531        1269.4117819319133        
31041.508794564605        1269.2516341933369        
31041.508806138678        1269.0914864547606        
31041.508817712755        1268.9313387161842        
31041.508829286828        1268.7711909776078        
31041.508840860901        1268.6110432390315        
31041.508852434974        1268.4508955004551        
31041.508864009051        1268.2907477618787        
31041.508875583124        1268.1306000233023        
31041.508887157197        1267.970452284726         
31041.508898731274        1267.8103045461496        
31041.508910305347        1267.6501568075732        
31041.50892187942         1267.4900090689969        
31041.508933453493        1267.3298613304205        
31041.50894502757         1267.1697135918441        
31041.508956601643        1267.0095658532678        
31041.508968175716        1266.8494181146914        
31041.508979749789        1266.689270376115         
31041.508991323866        1266.5291226375386        
31041.509002897939        1266.3689748989623        
31041.509014472012        1266.2088271603859        
31041.509026046086        1266.0486794218095        
31041.509037620162        1265.8885316832332        
31041.509049194236        1265.7283839446568        
31041.509060768309        1265.5682362060804        
31041.509072342382        1265.4080884675041        
31041.509083916459        1265.2479407289277        
31041.509095490532        1265.0877929903513        
31041.509107064605        1264.9276452517749        
31041.509118638678        1264.7674975131986        
31041.509130212755        1264.6073497746222        
31041.509141786828        1264.4472020360458        
31041.509153360901        1264.2870542974695        
31041.509164934974        1264.1269065588931        
31041.509176509051        1263.9667588203167        
31041.509188083124        1263.8066110817404        
31041.509199657197        1263.646463343164         
31041.50921123127         1263.4863156045876        
31041.509222805347        1263.3261678660112        
31041.50923437942         1263.1660201274349        
31041.509245953494        1263.0058723888585        
31041.509257527567        1262.8457246502821        
31041.509269101643        1262.6855769117058        
31041.509280675717        1262.5254291731294        
31041.50929224979         1262.365281434553         
31041.509303823863        1262.2051336959767        
31041.50931539794         1262.0449859574003        
31041.509326972013        1261.8848382188239        
31041.509338546086        1261.7246904802475        
31041.509350120163        1261.5645427416712        
31041.509361694236        1261.4043950030948        
31041.509373268309        1261.2442472645184        
31041.509384842382        1261.0840995259421        
31041.509396416459        1260.9239517873657        
31041.509407990532        1260.7638040487893        
31041.509419564605        1260.603656310213         
31041.509431138678        1260.4435085716366        
31041.509442712755        1260.2833608330602        
31041.509454286828        1260.1232130944838        
31041.509465860901        1259.9630653559075        
31041.509477434975        1259.8029176173311        
31041.509489009051        1259.6427698787547        
31041.509500583124        1259.4826221401784        
31041.509512157198        1259.322474401602         
31041.509523731271        1259.1623266630256        
31041.509535305348        1259.0021789244493        
31041.509546879421        1258.8420311858729        
31041.509558453494        1258.6818834472965        
31041.509570027567        1258.5217357087201        
31041.509581601644        1258.3615879701438        
31041.509593175717        1258.2014402315674        
31041.50960474979         1258.041292492991         
31041.509616323863        1257.8811447544147        
31041.50962789794         1257.7209970158383        
31041.509639472013        1257.5608492772619        
31041.509651046086        1257.4007015386856        
31041.509662620159        1257.2405538001092        
31041.509674194236        1257.0804060615328        
31041.509685768309        1256.9202583229564        
31041.509697342382        1256.7601105843801        
31041.509708916456        1256.5999628458037        
31041.509720490532        1256.4398151072273        
31041.509732064605        1256.279667368651         
31041.509743638679        1256.1195196300746        
31041.509755212752        1255.9593718914982        
31041.509766786829        1255.7992241529219        
31041.509778360902        1255.6390764143455        
31041.509789934975        1255.4789286757691        
31041.509801509052        1255.3187809371927        
31041.509813083125        1255.1586331986164        
31041.509824657198        1254.99848546004          
31041.509836231271        1254.8383377214636        
31041.509847805348        1254.6781899828873        
31041.509859379421        1254.5180422443109        
31041.509870953494        1254.3578945057345        
31041.509882527567        1254.1977467671582        
31041.509894101644        1254.0375990285818        
31041.509905675717        1253.8774512900054        
31041.50991724979         1253.717303551429         
31041.509928823863        1253.5571558128527        
31041.50994039794         1253.3970080742763        
31041.509951972013        1253.2368603356999        
31041.509963546087        1253.0767125971236        
31041.50997512016         1252.9165648585472        
31041.509986694236        1252.7564171199708        
31041.50999826831         1252.5962693813944        
31041.510009842383        1252.4361216428181        
31041.510021416456        1252.2759739042417        
31041.510032990533        1252.1158261656653        
31041.510044564606        1251.955678427089         
31041.510056138679        1251.7955306885126        
31041.510067712752        1251.6353829499362        
31041.510079286829        1251.4752352113599        
31041.510090860902        1251.3150874727835        
31041.510102434975        1251.1549397342071        
31041.510114009048        1250.9947919956307        
31041.510125583125        1250.8346442570544        
31041.510137157198        1250.674496518478         
31041.510148731271        1250.5143487799016        
31041.510160305344        1250.3542010413253        
31041.510171879421        1250.1940533027489        
31041.510183453494        1250.0339055641725        
31041.510195027568        1249.8737578255962        
31041.510206601641        1249.7136100870198        
31041.510218175717        1249.5534623484434        
31041.510229749791        1249.393314609867         
31041.510241323864        1249.2331668712907        
31041.510252897941        1249.0730191327143        
31041.510264472014        1248.9128713941379        
31041.510276046087        1248.7527236555616        
31041.51028762016         1248.5925759169852        
31041.510299194237        1248.4324281784088        
31041.51031076831         1248.2722804398325        
31041.510322342383        1248.1121327012561        
31041.510333916456        1247.9519849626797        
31041.510345490533        1247.7918372241033        
31041.510357064606        1247.631689485527         
31041.510368638679        1247.4715417469506        
31041.510380212752        1247.3113940083742        
31041.510391786829        1247.1512462697979        
31041.510403360902        1246.9910985312215        
31041.510414934975        1246.8309507926451        
31041.510426509049        1246.6708030540688        
31041.510429981274        1246.6227587324959        
