50000.506944444445        1300                      
50000.506956018522        1299.8398522614236        
50000.506967592592        1299.6797045228473        
50000.506979166668        1299.5195567842709        
50000.506990740745        1299.3594090456945        
50000.507002314815        1299.1992613071181        
50000.507013888891        1299.0391135685418        
50000.507025462961        1298.8789658299654        
50000.507037037038        1298.718818091389         
50000.507048611114        1298.5586703528127        
50000.507060185184        1298.3985226142363        
50000.507071759261        1298.2383748756599        
50000.507083333338        1298.0782271370836        
50000.507094907407        1297.9180793985072        
50000.507106481484        1297.7579316599308        
50000.507118055553        1297.5977839213544        
50000.50712962963         1297.4376361827781        
50000.507141203707        1297.2774884442017        
50000.507152777776        1297.1173407056253        
50000.507164351853        1296.957192967049         
50000.50717592593         1296.7970452284726        
50000.507187499999        1296.6368974898962        
50000.507199074076        1296.4767497513199        
50000.507210648146        1296.3166020127435        
50000.507222222222        1296.1564542741671        
50000.507233796299        1295.9963065355907        
50000.507245370369        1295.8361587970144        
50000.507256944446        1295.676011058438         
50000.507268518522        1295.5158633198616        
50000.507280092592        1295.3557155812853        
50000.507291666669        1295.1955678427089        
50000.507303240738        1295.0354201041325        
50000.507314814815        1294.8752723655562        
50000.507326388892        1294.7151246269798        
50000.507337962961        1294.5549768884034        
50000.507349537038        1294.394829149827         
50000.507361111115        1294.2346814112507        
50000.507372685184        1294.0745336726743        
50000.507384259261        1293.9143859340979        
50000.507395833331        1293.7542381955216        
50000.507407407407        1293.5940904569452        
50000.507418981484        1293.4339427183688        
50000.507430555554        1293.2737949797925        
50000.50744212963         1293.1136472412161        
50000.507453703707        1292.9534995026397        
50000.507465277777        1292.7933517640633        
50000.507476851853        1292.633204025487         
50000.50748842593         1292.4730562869106        
50000.5075                1292.3129085483342        
50000.507511574076        1292.1527608097579        
50000.507523148146        1291.9926130711815        
50000.507534722223        1291.8324653326051        
50000.5075462963          1291.6723175940288        
50000.507557870369        1291.5121698554524        
50000.507569444446        1291.352022116876         
50000.507581018523        1291.1918743782996        
50000.507592592592        1291.0317266397233        
50000.507604166669        1290.8715789011469        
50000.507615740738        1290.7114311625705        
50000.507627314815        1290.5512834239942        
50000.507638888892        1290.3911356854178        
50000.507650462961        1290.2309879468414        
50000.507662037038        1290.0708402082651        
50000.507673611115        1289.9106924696887        
50000.507685185185        1289.7505447311123        
50000.507696759261        1289.5903969925359        
50000.507708333331        1289.4302492539596        
50000.507719907408        1289.2701015153832        
50000.507731481484        1289.1099537768068        
50000.507743055554        1288.9498060382305        
50000.507754629631        1288.7896582996541        
50000.507766203707        1288.6295105610777        
50000.507777777777        1288.4693628225014        
50000.507789351854        1288.309215083925         
50000.507800925923        1288.1490673453486        
50000.5078125             1287.9889196067722        
50000.507824074077        1287.8287718681959        
50000.507835648146        1287.6686241296195        
50000.507839120372        1287.6205798080466        
