7000.5069444444443        1300                      
7000.5069560185184        1299.8398522614236        
7000.5069675925924        1299.6797045228473        
7000.5069791666665        1299.5195567842709        
7000.5069907407405        1299.3594090456945        
7000.5070023148146        1299.1992613071181        
7000.5070138888887        1299.0391135685418        
7000.5070254629627        1298.8789658299654        
7000.5070370370368        1298.718818091389         
7000.5070486111108        1298.5586703528127        
7000.5070601851849        1298.3985226142363        
7000.5070717592589        1298.2383748756599        
7000.507083333333         1298.0782271370836        
7000.507094907407         1297.9180793985072        
7000.5071064814811        1297.7579316599308        
7000.5071180555551        1297.5977839213544        
7000.5071296296292        1297.4376361827781        
7000.5071412037032        1297.2774884442017        
7000.5071527777773        1297.1173407056253        
7000.5071643518513        1296.957192967049         
7000.5071759259263        1296.7970452284726        
7000.5071875000003        1296.6368974898962        
7000.5071990740744        1296.4767497513199        
7000.5072106481484        1296.3166020127435        
7000.5072222222225        1296.1564542741671        
7000.5072337962965        1295.9963065355907        
7000.5072453703706        1295.8361587970144        
7000.5072569444446        1295.676011058438         
7000.5072685185187        1295.5158633198616        
7000.5072800925927        1295.3557155812853        
7000.5072916666668        1295.1955678427089        
7000.5073032407408        1295.0354201041325        
7000.5073148148149        1294.8752723655562        
7000.5073263888889        1294.7151246269798        
7000.507337962963         1294.5549768884034        
7000.507349537037         1294.394829149827         
7000.5073611111111        1294.2346814112507        
7000.5073726851851        1294.0745336726743        
7000.5073842592592        1293.9143859340979        
7000.5073958333332        1293.7542381955216        
7000.5074074074073        1293.5940904569452        
7000.5074189814814        1293.4339427183688        
7000.5074305555554        1293.2737949797925        
7000.5074421296295        1293.1136472412161        
7000.5074537037035        1292.9534995026397        
7000.5074652777776        1292.7933517640633        
7000.5074768518516        1292.633204025487         
7000.5074884259257        1292.4730562869106        
7000.5074999999997        1292.3129085483342        
7000.5075115740738        1292.1527608097579        
7000.5075231481478        1291.9926130711815        
7000.5075347222219        1291.8324653326051        
7000.5075462962959        1291.6723175940288        
7000.50755787037          1291.5121698554524        
7000.507569444444         1291.352022116876         
7000.5075810185181        1291.1918743782996        
7000.5075925925921        1291.0317266397233        
7000.5076041666662        1290.8715789011469        
7000.5076157407402        1290.7114311625705        
7000.5076273148143        1290.5512834239942        
7000.5076388888892        1290.3911356854178        
7000.5076504629633        1290.2309879468414        
7000.5076620370373        1290.0708402082651        
7000.5076736111114        1289.9106924696887        
7000.5076851851854        1289.7505447311123        
7000.5076967592595        1289.5903969925359        
7000.5077083333335        1289.4302492539596        
7000.5077199074076        1289.2701015153832        
7000.5077314814816        1289.1099537768068        
7000.5077430555557        1288.9498060382305        
7000.5077546296297        1288.7896582996541        
7000.5077662037038        1288.6295105610777        
7000.5077777777778        1288.4693628225014        
7000.5077893518519        1288.309215083925         
7000.5078009259259        1288.1490673453486        
7000.5078125              1287.9889196067722        
7000.5078240740741        1287.8287718681959        
7000.5078356481481        1287.6686241296195        
7000.5078472222222        1287.5084763910431        
7000.5078587962962        1287.3483286524668        
7000.5078703703703        1287.1881809138904        
7000.5078819444443        1287.028033175314         
7000.5078935185184        1286.8678854367377        
7000.5079050925924        1286.7077376981613        
7000.5079166666665        1286.5475899595849        
7000.5079282407405        1286.3874422210085        
7000.5079398148146        1286.2272944824322        
7000.5079513888886        1286.0671467438558        
7000.5079629629627        1285.9069990052794        
7000.5079745370367        1285.7468512667031        
7000.5079861111108        1285.5867035281267        
7000.5079976851848        1285.4265557895503        
7000.5080092592589        1285.266408050974         
7000.5080208333329        1285.1062603123976        
7000.508032407407         1284.9461125738212        
7000.508043981481         1284.7859648352448        
7000.5080555555551        1284.6258170966685        
7000.5080671296291        1284.4656693580921        
7000.5080787037032        1284.3055216195157        
7000.5080902777772        1284.1453738809394        
7000.5081018518522        1283.985226142363         
7000.5081134259262        1283.8250784037866        
7000.5081250000003        1283.6649306652102        
7000.5081365740743        1283.5047829266339        
7000.5081481481484        1283.3446351880575        
7000.5081597222224        1283.1844874494811        
7000.5081712962965        1283.0243397109048        
7000.5081828703705        1282.8641919723284        
7000.5081944444446        1282.704044233752         
7000.5082060185186        1282.5438964951757        
7000.5082175925927        1282.3837487565993        
7000.5082291666668        1282.2236010180229        
7000.5082407407408        1282.0634532794465        
7000.5082523148149        1281.9033055408702        
7000.5082638888889        1281.7431578022938        
7000.508275462963         1281.5830100637174        
7000.508287037037         1281.4228623251411        
7000.5082986111111        1281.2627145865647        
7000.5083101851851        1281.1025668479883        
7000.5083217592592        1280.942419109412         
7000.5083333333332        1280.7822713708356        
7000.5083449074073        1280.6221236322592        
7000.5083564814813        1280.4619758936828        
7000.5083680555554        1280.3018281551065        
7000.5083796296294        1280.1416804165301        
7000.5083912037035        1279.9815326779537        
7000.5084027777775        1279.8213849393774        
7000.5084143518516        1279.661237200801         
7000.5084259259256        1279.5010894622246        
7000.5084374999997        1279.3409417236483        
7000.5084490740737        1279.1807939850719        
7000.5084606481478        1279.0206462464955        
7000.5084722222218        1278.8604985079191        
7000.5084837962959        1278.7003507693428        
7000.5084953703699        1278.5402030307664        
7000.508506944444         1278.38005529219          
7000.508518518518         1278.2199075536137        
7000.5085300925921        1278.0597598150373        
7000.5085416666661        1277.8996120764609        
7000.5085532407411        1277.7394643378846        
7000.5085648148151        1277.5793165993082        
7000.5085763888892        1277.4191688607318        
7000.5085879629632        1277.2590211221554        
7000.5085995370373        1277.0988733835791        
7000.5086111111113        1276.9387256450027        
7000.5086226851854        1276.7785779064263        
7000.5086342592595        1276.61843016785          
7000.5086458333335        1276.4582824292736        
7000.5086574074076        1276.2981346906972        
7000.5086689814816        1276.1379869521209        
7000.5086805555557        1275.9778392135445        
7000.5086921296297        1275.8176914749681        
7000.5087037037038        1275.6575437363917        
7000.5087152777778        1275.4973959978154        
7000.5087268518519        1275.337248259239         
7000.5087384259259        1275.1771005206626        
7000.50875                1275.0169527820863        
7000.508761574074         1274.8568050435099        
7000.5087731481481        1274.6966573049335        
7000.5087847222221        1274.5365095663572        
7000.5087962962962        1274.3763618277808        
7000.5088078703702        1274.2162140892044        
7000.5088194444443        1274.056066350628         
7000.5088310185183        1273.8959186120517        
7000.5088425925924        1273.7357708734753        
7000.5088541666664        1273.5756231348989        
7000.5088657407405        1273.4154753963226        
7000.5088773148145        1273.2553276577462        
7000.5088888888886        1273.0951799191698        
7000.5089004629626        1272.9350321805935        
7000.5089120370367        1272.7748844420171        
7000.5089236111107        1272.6147367034407        
7000.5089351851848        1272.4545889648643        
7000.5089467592588        1272.294441226288         
7000.5089583333329        1272.1342934877116        
7000.5089699074069        1271.9741457491352        
7000.508981481481         1271.8139980105589        
7000.508993055555         1271.6538502719825        
7000.5090046296291        1271.4937025334061        
7000.509016203704         1271.3335547948298        
7000.5090277777781        1271.1734070562534        
7000.5090393518522        1271.013259317677         
7000.5090509259262        1270.8531115791006        
7000.5090625000003        1270.6929638405243        
7000.5090740740743        1270.5328161019479        
7000.5090856481484        1270.3726683633715        
7000.5090972222224        1270.2125206247952        
7000.5091087962965        1270.0523728862188        
7000.5091203703705        1269.8922251476424        
7000.5091319444446        1269.7320774090661        
7000.5091435185186        1269.5719296704897        
7000.5091550925927        1269.4117819319133        
7000.5091666666667        1269.2516341933369        
7000.5091782407408        1269.0914864547606        
7000.5091898148148        1268.9313387161842        
7000.5092013888889        1268.7711909776078        
7000.5092129629629        1268.6110432390315        
7000.509224537037         1268.4508955004551        
7000.509236111111         1268.2907477618787        
7000.5092476851851        1268.1306000233023        
7000.5092592592591        1267.970452284726         
7000.5092708333332        1267.8103045461496        
7000.5092824074072        1267.6501568075732        
7000.5092939814813        1267.4900090689969        
7000.5093055555553        1267.3298613304205        
7000.5093171296294        1267.1697135918441        
7000.5093287037034        1267.0095658532678        
7000.5093402777775        1266.8494181146914        
7000.5093518518515        1266.689270376115         
7000.5093634259256        1266.5291226375386        
7000.5093749999996        1266.3689748989623        
7000.5093865740737        1266.2088271603859        
7000.5093981481477        1266.0486794218095        
7000.5094097222218        1265.8885316832332        
7000.5094212962958        1265.7283839446568        
7000.5094328703699        1265.5682362060804        
7000.5094444444439        1265.4080884675041        
7000.509456018518         1265.2479407289277        
7000.509467592592         1265.0877929903513        
7000.509479166667         1264.9276452517749        
7000.5094907407411        1264.7674975131986        
7000.5095023148151        1264.6073497746222        
7000.5095138888892        1264.4472020360458        
7000.5095254629632        1264.2870542974695        
7000.5095370370373        1264.1269065588931        
7000.5095486111113        1263.9667588203167        
7000.5095601851854        1263.8066110817404        
7000.5095717592594        1263.646463343164         
7000.5095833333335        1263.4863156045876        
7000.5095949074075        1263.3261678660112        
7000.5096064814816        1263.1660201274349        
7000.5096180555556        1263.0058723888585        
7000.5096296296297        1262.8457246502821        
7000.5096412037037        1262.6855769117058        
7000.5096527777778        1262.5254291731294        
7000.5096643518518        1262.365281434553         
7000.5096759259259        1262.2051336959767        
7000.5096874999999        1262.0449859574003        
7000.509699074074         1261.8848382188239        
7000.509710648148         1261.7246904802475        
7000.5097222222221        1261.5645427416712        
7000.5097337962961        1261.4043950030948        
7000.5097453703702        1261.2442472645184        
7000.5097569444442        1261.0840995259421        
7000.5097685185183        1260.9239517873657        
7000.5097800925923        1260.7638040487893        
7000.5097916666664        1260.603656310213         
7000.5098032407404        1260.4435085716366        
7000.5098148148145        1260.2833608330602        
7000.5098263888885        1260.1232130944838        
7000.5098379629626        1259.9630653559075        
7000.5098495370366        1259.8029176173311        
7000.5098611111107        1259.6427698787547        
7000.5098726851847        1259.4826221401784        
7000.5098842592588        1259.322474401602         
7000.5098958333328        1259.1623266630256        
7000.5099074074069        1259.0021789244493        
7000.509918981481         1258.8420311858729        
7000.509930555555         1258.6818834472965        
7000.50994212963          1258.5217357087201        
7000.509953703704         1258.3615879701438        
7000.5099652777781        1258.2014402315674        
7000.5099768518521        1258.041292492991         
7000.5099884259262        1257.8811447544147        
7000.5100000000002        1257.7209970158383        
7000.5100115740743        1257.5608492772619        
7000.5100231481483        1257.4007015386856        
7000.5100347222224        1257.2405538001092        
7000.5100462962964        1257.0804060615328        
7000.5100578703705        1256.9202583229564        
7000.5100694444445        1256.7601105843801        
7000.5100810185186        1256.5999628458037        
7000.5100925925926        1256.4398151072273        
7000.5101041666667        1256.279667368651         
7000.5101157407407        1256.1195196300746        
7000.5101273148148        1255.9593718914982        
7000.5101388888888        1255.7992241529219        
7000.5101504629629        1255.6390764143455        
7000.5101620370369        1255.4789286757691        
7000.510173611111         1255.3187809371927        
7000.510185185185         1255.1586331986164        
7000.5101967592591        1254.99848546004          
7000.5102083333331        1254.8383377214636        
7000.5102199074072        1254.6781899828873        
7000.5102314814812        1254.5180422443109        
7000.5102430555553        1254.3578945057345        
7000.5102546296293        1254.1977467671582        
7000.5102662037034        1254.0375990285818        
7000.5102777777774        1253.8774512900054        
7000.5102893518515        1253.717303551429         
7000.5103009259255        1253.5571558128527        
7000.5103124999996        1253.3970080742763        
7000.5103240740737        1253.2368603356999        
7000.5103356481477        1253.0767125971236        
7000.5103472222218        1252.9165648585472        
7000.5103587962958        1252.7564171199708        
7000.5103703703699        1252.5962693813944        
7000.5103819444439        1252.4361216428181        
7000.5103935185189        1252.2759739042417        
7000.5104050925929        1252.1158261656653        
7000.510416666667         1251.955678427089         
7000.510428240741         1251.7955306885126        
7000.5104398148151        1251.6353829499362        
7000.5104513888891        1251.4752352113599        
7000.5104629629632        1251.3150874727835        
7000.5104745370372        1251.1549397342071        
7000.5104861111113        1250.9947919956307        
7000.5104976851853        1250.8346442570544        
7000.5105092592594        1250.674496518478         
7000.5105208333334        1250.5143487799016        
7000.5105324074075        1250.3542010413253        
7000.5105439814815        1250.1940533027489        
7000.5105555555556        1250.0339055641725        
7000.5105671296296        1249.8737578255962        
7000.5105787037037        1249.7136100870198        
7000.5105902777777        1249.5534623484434        
7000.5106018518518        1249.393314609867         
7000.5106134259258        1249.2331668712907        
7000.5106249999999        1249.0730191327143        
7000.5106365740739        1248.9128713941379        
7000.510648148148         1248.7527236555616        
7000.510659722222         1248.5925759169852        
7000.5106712962961        1248.4324281784088        
7000.5106828703701        1248.2722804398325        
7000.5106944444442        1248.1121327012561        
7000.5107060185182        1247.9519849626797        
7000.5107175925923        1247.7918372241033        
7000.5107291666664        1247.631689485527         
7000.5107407407404        1247.4715417469506        
7000.5107523148145        1247.3113940083742        
7000.5107638888885        1247.1512462697979        
7000.5107754629626        1246.9910985312215        
7000.5107870370366        1246.8309507926451        
7000.5107986111107        1246.6708030540688        
7000.5108020833331        1246.6227587324959        
