0                            0                            31041.499627897938           0                            32.149618165567517           6628.1369999999997           0                            0                            0                            4.8169050670943001           6.077421678863729            
300                          300.0000000349246            31041.503100120161           0.0034722222226264421        32.149618165567517           6224.0228633091183           1415.5819574671427           1786.0199353500652           -2.6663782263085443          4.5232208187586442           5.7068843747825868           
600                          600.00000006984919           31041.506572342383           0.0069444444452528842        32.149618165567517           5060.9577193742789           2658.5492931613735           3354.2544192869518           -5.0076210080672725          3.6779796318036229           4.640455403914852            
900                          900.00000010477379           31041.510044564606           0.010416666667879326         32.149618165567517           3280.7645469771451           3577.3358364380474           4513.4745364744131           -6.738239585603842           2.3842493554791564           3.0081740285462497           
1200                         1200.0000001396984           31041.513516786828           0.013888888890505768         32.149618165567517           1100.5182879924184           4059.9056922215354           5122.3261667752486           -7.6472040926368514          0.79978614169571638          1.009078976706596            
1500                         1500.000000174623            31041.516989009051           0.01736111111313221          32.149618165567517           -1213.9240498798094          4047.4147839144493           5106.5665626566697           -7.623676323184049           -0.8822021794259377          -1.1130621375559391          
1800                         1800.0000002095476           31041.520461231274           0.020833333335758653         32.149618165567517           -3380.3417257918277          3541.3862401506749           4468.1174341898432           -6.6705252294836548          -2.4566156655296885          -3.0994775886942123          
2100                         2100.0000002444722           31041.523933453496           0.024305555558385095         32.149618165567517           -5134.5639753755959          2603.5246660414346           3284.8306176815331           -4.9039770848811681          -3.731471940049905           -4.7079459002522714          
2400                         2400.0000002793968           31041.527405675719           0.027777777781011537         32.149618165567517           -6262.6827246264647          1348.1919464894386           1700.9949020662339           -2.5394429704628436          -4.5513163276282818          -5.7423320849418547          
2700                         2700.0000003143214           31041.530877897942           0.031250000003637979         32.149618165567517           -6627.1363225289724          -71.53792555025538           -90.258399022657457          0.13474823272245168          -4.8161778388579632          -6.0765041451802908          
3000                         3000.000000349246            31041.534350120164           0.034722222226264421         32.149618165567517           -6183.4836686411008          -1482.5445358274369          -1870.5056828852476          2.792508373684004            -4.4937595308866092          -5.6697134803790696          
3300                         3300.0000003841706           31041.537822342387           0.038194444448890863         32.149618165567517           -4985.8233156078823          -2712.7711757444126          -3422.6654093498655          5.1097528884195516           -3.6233767637253904          -4.5715637297870613          
3600                         3600.0000004190952           31041.541294564609           0.041666666671517305         32.149618165567517           -3180.1967467646587          -3612.2052621200655          -4557.4688026303147          6.8039193414893857           -2.3111631253016491          -2.9159621552541046          
3900                         3900.0000004540198           31041.544766786832           0.045138888894143747         32.149618165567517           -986.78022643855275          -4071.1707187580096          -5136.5390930281346          7.6684228015340645           -0.71712860987036575         -0.90479112613872459         
4200                         4200.0000004889444           31041.548239009055           0.048611111116770189         32.149618165567517           1326.9632694195461           -4033.7017654457381          -5089.265039258652           7.5978465973465168           0.9643518376755047           1.2167092111442801           
4500                         4500.0000005238689           31041.551711231277           0.052083333339396631         32.149618165567517           3478.8982160451874           -3504.367328178751           -4421.4111912781864          6.6007967193660368           2.5282402045662824           3.1898452667398605           
4800                         4800.0000005587935           31041.5551834535             0.055555555562023073         32.149618165567517           5206.6198583252644           -2547.7139089792281          -3214.414966935019           4.7988524139714581           3.7838375365507249           4.7740148401561893           
5100                         5100.0000005937181           31041.558655675723           0.059027777784649516         32.149618165567517           6299.4515793123091           -1280.3948511960461          -1615.4562562011233          2.4117409340362714           4.5780375741033401           5.7760459074797268           
5400                         5400.0000006286427           31041.562127897945           0.062500000007275958         32.149618165567517           6624.1345922687888           143.05425034288109           180.48954467185692           -0.26945577844016377         4.813996373734291            6.0737518211777273           
5700                         5700.0000006635673           31041.565600120168           0.0659722222299024           32.149618165567517           6141.0773813648075           1549.0594623311608           1954.4266343408294           -2.9177953278010196          4.4629413597990277           5.6308306254210185           
6000                         6000.0000006984919           31041.56907234239            0.069444444452528842         32.149618165567517           4909.1834507846497           2766.173941583289            3490.0429312855986           -5.2103418873866252          3.5676798230603821           4.5012916795952913           
6300                         6300.0000007334165           31041.572544564613           0.072916666675155284         32.149618165567517           3078.6686914343527           3645.9839884316352           4600.0869486620359           -6.8675446652472667          2.237379043262778            2.8228698120395177           
6600                         6600.0000007683411           31041.576016786836           0.076388888897781726         32.149618165567517           872.74420823669345           4081.2064620678298           5149.2010498458676           -7.6873260429218639          0.63425454225409306          0.800230075395301            
6900                         6900.0000008032657           31041.579489009058           0.079861111120408168         32.149618165567517           -1439.6018146073375          4018.7707774384953           5070.426820747366            -7.569722714367022           -1.0462103114918102          -1.3199889014102082          
7200                         7200.0000008381903           31041.582961231281           0.08333333334303461          32.149618165567517           -3576.4042587689478          3466.2902783211307           4373.3699106117529           -6.5290751096586153          -2.5991013456785819          -3.2792497763132005          
7500                         7500.0000008731149           31041.586433453504           0.086805555565661052         32.149618165567517           -5277.103611069293           2491.1338739399598           3143.0287289359549           -4.6922787375576025          -3.8350606096013986          -4.838642274220188           
7800                         7800.0000009080395           31041.589905675726           0.090277777788287494         32.149618165567517           -6334.3183250721358          1212.21114280704             1529.4298260064745           -2.283310676446201           -4.6033764897479568          -5.8080156625636503          
8100                         8100.0000009429641           31041.593377897949           0.093750000010913936         32.149618165567517           -6619.1327155868557          -214.52738014265685          -270.6661918033721           0.4040819624339278           -4.8103613304130954          -6.0691655379157323          
8400                         8400.0000009778887           31041.596850120171           0.097222222233540379         32.149618165567517           -6096.8168059880418          -1615.1066529069976          -2037.7574499252312          3.0422012584723652           -4.4307756109914047          -5.5902475505217959          
8700                         8700.0000010128133           31041.600322342394           0.10069444445616682          32.149618165567517           -4831.0612661841315          -2818.7414658017788          -3556.3666405635836          5.309357632287707            -3.5109056274071486          -4.429660471868142           
9000                         9000.0000010477379           31041.603794564617           0.10416666667879326          32.149618165567517           -2976.2110372134803          -3678.6618159426057          -4641.3161060913599          6.9290963453168786           -2.1629193883433153          -2.728925107980563           
9300                         9300.0000010826625           31041.607266786839           0.1076388889014197           32.149618165567517           -758.44466637267271          -4090.0098918750477          -5160.3082139716953          7.7039081089979238           -0.55118896253369765         -0.69542739651156638         
9600                         9600.0000011175871           31041.610739009062           0.11111111112404615          32.149618165567517           1551.8056744219843           -4002.6263282797399          -5050.0575952915924          7.5393131662051482           1.1277528838448776           1.4228700232230993           
9900                         9900.0000011525117           31041.614211231285           0.11458333334667259          32.149618165567517           3672.8304121758306           -3427.1665878797057          -4324.0080981753563          6.4553820565820219           2.6691776924628754           3.3676641218712646           
10200                        10200.000001187436           31041.617683453507           0.11805555556929903          32.149618165567517           5345.9939511558832           -2433.8016451711351          -3070.6934586402094          4.5842882353838448           3.8851256924801452           4.901808688297967            
10500                        10500.000001222361           31041.62115567573            0.12152777779192547          32.149618165567517           6367.2724339501492           -1143.6614092798211          -1442.9415870198684          2.1541909769953023           4.6273254235186076           5.8382316969791308           
10800                        10800.000001257285           31041.624627897952           0.12500000001455192          32.149618165567517           6612.1322027916303           285.93573375683121           360.76111172848812           -0.53858613455130078         4.8052738064895788           6.0627466802148158           
11100                        11100.00000129221            31041.628100120175           0.12847222223717836          32.149618165567517           6050.7153069180804           1680.6661647154988           2120.472968037167            -3.1656886015340233          4.3972719968580583           5.5479765096733393           
11400                        11400.000001327135           31041.631572342398           0.1319444444598048           32.149618165567517           4751.4803506702419           2870.4578757232712           3621.6165108500031           -5.406770225483152           3.453071319639669            4.3566917355296848           
11700                        11700.000001362059           31041.63504456462            0.13541666668243124          32.149618165567517           2872.8547210205638           3710.2288776372307           4681.1438258426797           -6.9885557962707043          2.0878066435123039           2.6341564095244951           
12000                        12000.000001396984           31041.638516786843           0.13888888890505768          32.149618165567517           643.91611340330257           4097.5783499986228           5169.8572316158215           -7.7181639928349934          0.46795695222291162          0.59041473448222759          
12300                        12300.000001431908           31041.641989009066           0.14236111112768413          32.149618165567517           -1663.540969094405           3985.27329275902             5028.1635133450309           -7.5066271349735105          -1.2089549330905605          -1.5253215117992576          
12600                        12600.000001466833           31041.645461231288           0.14583333335031057          32.149618165567517           -3768.1475605489977          3387.0080701877146           4273.3406586861238           -6.3797398116312287          -2.7384480854828319          -3.4550616068494771          
12900                        12900.000001501758           31041.648933453511           0.14930555557293701          32.149618165567517           -5413.2700772612725          2375.7345340438314           2997.4309975622778           -4.4749135150028208          -3.9340176681185586          -4.9634950093959613          
13200                        13200.000001536682           31041.652405675733           0.15277777779556345          32.149618165567517           -6398.3039555078376          1074.7663490923355           1356.0176542211177           -2.024420823162056           -4.649877144074698           -5.866684887044995           
13500                        13500.000001571607           31041.655877897956           0.15625000001818989          32.149618165567517           -6603.1351676761342          -357.257749551914            -450.74710043612697          0.67292768148137783          -4.7987353381332341          -6.0544971862385069          
13800                        13800.000001606531           31041.659350120179           0.15972222224081634          32.149618165567517           -6002.7868044256547          -1745.7182021712536          -2202.5482128636854          3.2882200701883857           -4.3624406337595802          -5.504030266546156           
14100                        14100.000001641456           31041.662822342401           0.16319444446344278          32.149618165567517           -4670.46473356775            -2921.3075556639378          -3685.7728400552005          5.5025502534027              -3.3941943627309112          -4.2824075033684155          
14400                        14400.000001676381           31041.666294564624           0.16666666668606922          32.149618165567517           -2768.630951123012           -3740.6756418938226          -4719.558082002367           7.0459050644265746           -2.0120634889379652          -2.5385923319220041          
14700                        14700.000001711305           31041.669766786847           0.17013888890869566          32.149618165567517           -529.1931310342776           -4103.9095511552523          -5177.8452194683105          7.7300893898926581           -0.38458364308864018         -0.48522379770570045         
15000                        15000.00000174623            31041.673239009069           0.1736111111313221           32.149618165567517           1774.7739603385792           -3966.7169105965377          -5004.7511857893251          7.4716744901647214           1.2897919404052722           1.6273124320822836           
15300                        15300.000001781154           31041.676711231292           0.17708333335394855          32.149618165567517           3862.3269230343431           -3345.8268510427451          -4221.3828910931134          6.3021712148560454           2.8068916086585167           3.5414158417226722           
15600                        15600.000001816079           31041.680183453514           0.18055555557657499          32.149618165567517           5478.9116754713195           -2316.9500738256493          -2923.2634671804099          4.3641876019292072           3.9817217736658388           5.0236826114320436           
15900                        15900.000001851004           31041.683655675737           0.18402777779920143          32.149618165567517           6427.4035198290803           -1005.5467649934258          -1268.6842741471733          1.8940393988284787           4.6710248419615787           5.893366641367658            
16200                        16200.000001885928           31041.68712789796            0.18750000002182787          32.149618165567517           6592.1443268803623           428.47189196380987           540.59698680659551           -0.80706603901742546         4.7907478996235602           6.0444195469076289           
16500                        16500.000001920853           31041.690600120182           0.19097222224445431          32.149618165567517           5953.0457704426253           1810.2431229196616           2283.9584019210151           -3.4097586662620794          4.3262920389680488           5.4584220906351844           
16800                        16800.000001955777           31041.694072342405           0.19444444446708076          32.149618165567517           4588.0388774078056           2971.2751516474041           3748.8162562821735           -5.5966687954259706          3.3342925344801171           4.2068302053847244           
17100                        17100.000001990702           31041.697544564628           0.1979166666897072           32.149618165567517           2663.5711977151686           3769.9929153624939           4756.5472754495977           -7.1011268332681521          1.9357127951399711           2.4422617305875423           
17400                        17400.000002025627           31041.70101678685            0.20138888891233364          32.149618165567517           414.3103596797298            4109.0015836492612           5184.2697655694974           -7.7396806993170557          0.30109420956308602          0.37988634841062191          
17700                        17700.000002060551           31041.704489009073           0.20486111113496008          32.149618165567517           -1885.4710615373976          3946.9627848610639           4979.8276819378871           -7.4344657856718532          -1.3702394971889427          -1.728811988083216           
18000                        18000.000002095476           31041.707961231295           0.20833333335758653          32.149618165567517           -3955.3400623296457          3303.6353650455026           4168.1504839579311           -6.2226996879654948          -2.8744875955818627          -3.6267007519731393          
18300                        18300.0000021304             31041.711433453518           0.21180555558021297          32.149618165567517           -5542.8989254143416          2257.4660143866658           2848.2132622571589           -4.2521439296685681          -4.0282236049466773          -5.0823533208599025          
18600                        18600.000002165325           31041.714905675741           0.21527777780283941          32.149618165567517           -6454.5623403486061          936.02355772144915           1180.9678169669785           -1.7630860724489785          -4.6907621316671486          -5.9182689034359104          
18900                        18900.00000220025            31041.718377897963           0.21875000002546585          32.149618165567517           -6579.1629990702122          -499.55665800063218          -630.28364081610653          0.94096070430545997          -4.7813139027544693          -6.0325168051487772          
19200                        19200.000002235174           31041.721850120186           0.22222222224809229          32.149618165567517           -5901.5072241912549          -1874.2214437682285          -2364.6789535379785          3.5302676913782851           -4.2888371274916413          -5.4111657532534023          
19500                        19500.000002270099           31041.725322342409           0.22569444447071874          32.149618165567517           -4504.2276705403283          -3020.3455760411935          -3810.7277236762739          5.6890974326159345           -3.2733839221447165          -4.1299826620180573          
19800                        19800.000002305023           31041.728794564631           0.22916666669334518          32.149618165567517           -2557.707183414534           -3798.1718457412944          -4792.1002373589445          7.1542044286743591           -1.8587776160832554          -2.3451936923858727          
20100                        20100.000002339948           31041.732266786854           0.23263888891597162          32.149618165567517           -299.3024880010488           -4112.8529099498919          -5189.1289300383532          7.7469350250283293           -0.21751386114171328         -0.27443419306444189         
20400                        20400.000002374873           31041.735739009076           0.23611111113859806          32.149618165567517           1995.5988478856134           -3926.0168802779481          -4953.4005274011688          7.3950122566012739           1.4502733124357343           1.829789532180105            
20700                        20700.000002409797           31041.739211231299           0.2395833333612245           32.149618165567517           4047.1588932725044           -3260.4463518449193          -4113.6595107172452          6.1413492272547456           2.9412156357571231           3.710890585964175            
21000                        21000.000002444722           31041.742683453522           0.24305555558385095          32.149618165567517           5605.2125062468849           -2197.3003168395953          -2772.3030440769389          4.1388163296211431           4.0735091208104555           5.1394894221563918           
21300                        21300.000002479646           31041.746155675744           0.24652777780647739          32.149618165567517           6479.7722165059222           -866.2177196931251           -1092.894768518775           1.6316003851624692           4.7090830535495192           5.9413841540530248           
21600                        21600.000002514571           31041.749627897967           0.25000000002910383          32.149618165567517           6564.1951039361866           570.49058373555806           719.7799817287206            -1.074571248074049           4.7704361961054982           6.018792554974878            
21900                        21900.000002549496           31041.75310012019            0.25347222225173027          32.149618165567517           5848.1867276500379           1937.6338465694016           2444.6854942782961           -3.6497107580372261          4.2500872087784778           5.3622755233731594           
22200                        22200.00000258442            31041.756572342412           0.25694444447435671          32.149618165567517           4419.0564196200412           3068.5040121122715           3871.4885481728916           -5.7798082562991775          3.2114869169788638           4.0518880772562733           
22500                        22500.000002619345           31041.760044564635           0.26041666669698316          32.149618165567517           2451.0708736843981           3825.2039244490597           4826.2062325726902           -7.2051218239534087          1.7812811822172188           2.247417526849731            
22800                        22800.000002654269           31041.763516786858           0.2638888889196096           32.149618165567517           184.20424243408314           4115.4623671555892           5192.4212456582572           -7.7518501765948367          0.13386783477180583          0.16889917277018307          
23100                        23100.000002689194           31041.76698900908            0.26736111114223604          32.149618165567517           -2105.124066481028           3903.8855214282889           4925.4777018145842           -7.3533258158805248          -1.5298692200681614          -1.930214574371353           
23400                        23400.000002724119           31041.770461231303           0.27083333336486248          32.149618165567517           -4137.7556913193866          3216.2728522917614           4057.9264248298859           -6.058144396360257           -3.0070555807635122          -3.7939599227153824          
23700                        23700.000002759043           31041.773933453525           0.27430555558748893          32.149618165567517           -5665.8336024866549          2136.4711481168006           2695.5557336039565           -4.0242390208674532          -4.1175646473710117          -5.1950736631708061          
24000                        24000.000002793968           31041.777405675748           0.27777777781011537          32.149618165567517           -6503.0255362206844          796.15032866518231           1004.4917223131064           -1.499622038853633           -4.725982075636904           -5.9627054136076438          
24300                        24300.000002828892           31041.780877897971           0.28125000003274181          32.149618165567517           -6547.2451610091666          -641.25225078768642          -809.05898627314241          1.2078573268417501           -4.7581180641821996          -6.0032509404005836          
24600                        24600.000002863817           31041.784350120193           0.28472222225536825          32.149618165567517           -5793.1003808540308          -2000.4611840536516          -2523.9538663000885          3.7680518006037151           -4.2100539833021475          -5.3117661633181426          
24900                        24900.000002898742           31041.787822342416           0.28819444447799469          32.149618165567517           -4332.5508419642583          -3115.7359185010064          -3931.0803831421699          5.8687738764935258           -3.1486202086803292          -3.9725700316293495          
25200                        25200.000002933666           31041.791294564639           0.29166666670062114          32.149618165567517           -2343.6944671808374          -3851.0809891946215          -4858.8549628423298          7.2538636446826024           -1.7032468934610996          -2.1489627573295884          
25500                        25500.000002968591           31041.794766786861           0.29513888892324758          32.149618165567517           -69.050376702336564          -4116.8291673450949          -5194.1457183199936          7.7544246698947576           -0.050181387231797311        -0.063313153651569504        
25800                        25800.000003003515           31041.798239009084           0.29861111114587402          32.149618165567517           2214.0136463663462           -3880.5753908390593          -4896.0676364288502          7.3094190506609404           1.6090031862343774           2.0300567914825929           
26100                        26100.00000303844            31041.801711231306           0.30208333336850046          32.149618165567517           4227.103100918057            -3171.1282045007133          -4000.9680548083948          5.9731103188421546           3.0719875503391516           3.8758836795787057           
26400                        26400.000003073364           31041.805183453529           0.3055555555911269           32.149618165567517           5724.7439096946755           -2074.996875484585           -2617.9945045609356          3.9084465998351612           4.160376882135302            5.2490892603339221           
26700                        26700.000003108289           31041.808655675752           0.30902777781375335          32.149618165567517           6524.3152781918589           -725.84254136981531          -915.78537150276213          1.3671908841646068           4.7414540952975592           5.9822262441807537           
27000                        27000.000003143214           31041.812127897974           0.31250000003637979          32.149618165567517           6528.3182882964256           711.8202927892919            898.0936968023708            -1.3407786950986365          4.7443632264238929           5.9858966541904142           
27300                        27300.000003178138           31041.815600120197           0.31597222225900623          32.149618165567517           5736.2648170342809           2062.6844856108405           2602.4601346501599           -3.8852550861965445          4.1687495390284361           5.2596529243055468           
27600                        27600.000003213063           31041.81907234242            0.31944444448163267          32.149618165567517           4244.7370577886059           3162.0270336117351           3989.4852349285525           -5.955967430177683           3.0848027797471551           3.8920524750893017           
27900                        27900.000003247987           31041.822544564642           0.32291666670425911          32.149618165567517           2235.6103860315961           3875.7952264412552           4890.0365699379972           -7.3004151733500864          1.6246983121387246           2.0498591120795173           
28200                        28200.000003282912           31041.826016786865           0.32638888892688556          32.149618165567517           -46.124338675541694          4116.9528978153521           5194.3018273218913           -7.7546577275641306          -0.033520212494512779        -0.042291982768337441        
28500                        28500.000003317837           31041.829489009087           0.329861111149512            32.149618165567517           -2322.2347085136403          3856.0935269654483           4865.179211564322            -7.2633052185174227          -1.687651316564809           -2.1292860363222816          
28800                        28800.000003352761           31041.83296123131            0.33333333337213844          32.149618165567517           -4315.1741437664614          3125.0260398231389           3942.8015991379084           -5.8862726705989559          -3.1359919383838131          -3.956637119811989           
29100                        29100.000003387686           31041.836433453533           0.33680555559476488          32.149618165567517           -5781.9256400014019          2012.8960609973587           2539.6427764320129           -3.791474029853394           -4.2019328980203445          -5.3015199037261276          
29400                        29400.00000342261            31041.839905675755           0.34027777781739132          32.149618165567517           -6543.6350140170407          655.31558712645108           826.8025008228052            -1.2343469084623082          -4.7554944407810424          -5.9999407514902146          
29700                        29700.000003457535           31041.843377897978           0.34375000004001777          32.149618165567517           -6507.4202007354488          -782.17340183752037          -986.85722943373025          1.473295217458813            -4.7291758360811169          -5.966734936442406           
30000                        30000.00000349246            31041.846850120201           0.34722222226264421          32.149618165567517           -5677.6971975944307          -2124.2849630186456          -2680.1805944914809          4.0012852254788713           -4.1261863477656586          -5.2059515418412881          
30300                        30300.000003527384           31041.850322342423           0.35069444448527065          32.149618165567517           -4155.6415823187444          -3207.3633799193362          -4046.6854682843             6.0413625894034713           -3.0200538997458062          -3.8103597197783192          
30600                        30600.000003562309           31041.853794564646           0.35416666670789709          32.149618165567517           -2126.8512660447082          -3899.3391737661841          -4919.741638625359           7.3447623537994264           -1.5456591558634065          -1.9501365152801382          
30900                        30900.000003597233           31041.857266786868           0.35763888893052354          32.149618165567517           161.28512688634441           -4115.8335212061374          -5192.8895255270854          7.7525492792315864           0.11721169084852433          0.14788434919453525          
31200                        31200.000003632158           31041.860739009091           0.36111111115314998          32.149618165567517           2429.7545757537014           -3830.4473220654513          -4832.8217539294246          7.2149982434446835           1.7657898633874982           2.2278723467852339           
31500                        31500.000003667083           31041.864211231314           0.36458333337577642          32.149618165567517           4401.9422269601282           -3077.9802787308586          -3883.4446210828405          5.7976576721137931           3.1990494188790595           4.0361958600483847           
31800                        31800.000003702007           31041.867683453536           0.36805555559840286          32.149618165567517           5837.361527478819            -1950.187455892639           -2460.5242073910376          3.6733566305947996           4.2422201472562033           5.3523497620018041           
32100                        32100.000003736932           31041.871155675759           0.3715277778210293           32.149618165567517           6560.978910134394            -584.59076143152754          -737.56997850293658          1.1011302237640839           4.7680988726282338           6.0158435866698312           
32400                        32400.000003771856           31041.874627897982           0.37500000004365575          32.149618165567517           6484.5572084692585           852.29033492814892           1075.3227821662163           -1.6053668807787203          4.7125604789609392           5.9457715730051488           
32700                        32700.000003806781           31041.878100120204           0.37847222226628219          32.149618165567517           5617.4152069300371           2185.2440161153631           2757.0917782604506           -4.1161071833429164          4.0823772613985057           5.1506782309683397           
33000                        33000.000003841706           31041.881572342427           0.38194444448890863          32.149618165567517           4065.2913177856503           3251.7312681894205           4102.663811694053            -6.1249335692443179          2.9543931194929023           3.7275164326879922           
33300                        33300.00000387663            31041.885044564649           0.38541666671153507          32.149618165567517           2017.4499468559811           3921.7057221136661           4947.9611995083178           -7.3868917954730327          1.4661532903770298           1.8498250780038328           
33600                        33600.000003911555           31041.888516786872           0.38888888893416151          32.149618165567517           -276.39721532115141          4113.4713755113989           5189.9092393777964           -7.7480999615395536          -0.20086777732737746         -0.25343206218738745         
33900                        33900.000003946479           31041.891989009095           0.39236111115678796          32.149618165567517           -2536.5407826410033          3803.6445199680816           4799.0050338047804           -7.1645127116536509          -1.8433952328980425          -2.3257859548987709          
34200                        34200.000003981404           31041.895461231317           0.3958333333794144           32.149618165567517           -4487.3811510202695          3030.0051266133205           3822.9150433841382           -5.7072920805383394          -3.2611409517234673          -4.1145358776585041          
34500                        34500.000004016329           31041.89893345354            0.39930555560204084          32.149618165567517           -5891.0348333525926          1886.889994929571            2380.6626871584963           -3.5541300674118892          -4.2812264651750302          -5.4015634871698355          
34800                        34800.000004051253           31041.902405675763           0.40277777782466728          32.149618165567517           -6576.3417295830886          513.68941952863349           648.11474815497888           -0.96758105462645649         -4.7792635849520408          -6.029929947885142           
35100                        35100.000004086178           31041.905877897985           0.40625000004729372          32.149618165567517           -6459.7362149401188          -922.149920369798            -1163.4636429732577          1.7369538062393233           -4.6945221720429746          -5.9230128937315758          
35400                        35400.000004121102           31041.909350120208           0.40972222226992017          32.149618165567517           -5555.4370470876611          -2245.5432384162905          -2833.170462753048           4.2296862894896794           -4.0373355080078532          -5.0938496813711387          
35700                        35700.000004156027           31041.91282234243            0.41319444449254661          32.149618165567517           -3973.7135453011033          -3295.1173016119287          -4157.4033625901429          6.2066551355821211           -2.8878402651518318          -3.6435476282110848          
36000                        36000.000004190952           31041.916294564653           0.41666666671517305          32.149618165567517           -1907.4394620113912          -3942.8881179416203          -4974.6867317374026          7.4267907774562643           -1.3862047223433369          -1.7489550891221233          
36300                        36300.000004225876           31041.919766786876           0.42013888893779949          32.149618165567517           391.42584607674797           -4109.8671739770425          -5185.3618687664284          7.741311117952157            0.28446321211506026          0.35890325179070393          
36600                        36600.000004260801           31041.923239009098           0.42361111116042593          32.149618165567517           2642.5610852584041           -3775.6932137347426          -4763.7392620926757          7.1118638671665533           1.9204439922843339           2.4229972958119657           
36900                        36900.000004295725           31041.926711231321           0.42708333338305238          32.149618165567517           4571.465117806235            -2981.1150694877706          -3761.2311428469561          5.6152031816124222           3.3222477884820258           4.1916335180044202           
37200                        37200.00000433065            31041.930183453544           0.43055555560567882          32.149618165567517           5942.9293510575826           -1823.0227906710797          -2300.0823297874249          3.4338303405668666           4.3189400738839501           5.4491462192277105           
37500                        37500.000004365575           31041.933655675766           0.43402777782830526          32.149618165567517           6589.7188335855808           -442.63296995992806          -558.46382063681335          0.83373972599878088          4.7889852065860081           6.0421955817826376           
37800                        37800.000004400499           31041.937127897989           0.4375000000509317           32.149618165567517           6432.9647148059603           991.731064176892             1251.2531978686111           -1.868016261387299           4.6750663619638315           5.8984657705668324           
38100                        38100.000004435424           31041.940600120211           0.44097222227355815          32.149618165567517           5491.781432269835            2305.1644226715562           2908.3936761370451           -4.341988248896766           3.991074687876111            5.0354830523355636           
38400                        38400.000004470348           31041.944072342434           0.44444444449618459          32.149618165567517           3880.9359166215158           3337.5083798462197           4210.8875924562099           -6.2865026127255863          2.8204154322462713           3.5584786605884333           
38700                        38700.000004505273           31041.947544564657           0.44791666671881103          32.149618165567517           1796.8530289942598           3962.879965260865            4999.9101655826125           -7.4644472523176777          1.3058375920995784           1.6475570061605016           
39000                        39000.000004540198           31041.951016786879           0.45138888894143747          32.149618165567517           -506.33628644896527          4105.0220048857836           5179.2487867640129           -7.7321847983493761          -0.3679727537089198          -0.46426607115401808         
39300                        39300.000004575122           31041.954489009102           0.45486111116406391          32.149618165567517           -2747.783470951445           3746.6018432159667           4727.0350872343324           -7.0570676072145293          -1.9969128768014972          -2.5194770167219454          
39600                        39600.000004610047           31041.957961231325           0.45833333338669036          32.149618165567517           -4654.1687383037306          2931.3248696257729           3698.4115448226198           -5.5214187814261351          -3.382351478046973           -4.2674655015818024          
39900                        39900.000004644971           31041.961433453547           0.4618055556093168           32.149618165567517           -5993.0294111301646          1758.6051277133799           2218.8074663828625           -3.3124937743623701          -4.3553495858216236          -5.4950835906487239          
40200                        40200.000004679896           31041.96490567577            0.46527777783194324          32.149618165567517           -6601.1061829472883          371.44286810224889           468.64426589700292           -0.69964665104768797         -4.7972608021028167          -6.0526367847747773          
40500                        40500.000004714821           31041.968377897992           0.46875000005456968          32.149618165567517           -6404.2507916764289          -1061.0127564387662          -1338.66493894215            1.9985146721324678           -4.6541989233731815          -5.87213761547416            
40800                        40800.000004749745           31041.971850120215           0.47222222227719612          32.149618165567517           -5426.4675831832046          -2364.0895663637616          -2982.7387048882943          4.4529791521746809           -3.9436087693810631          -4.9755959675682986          
41100                        41100.00000478467            31041.975322342438           0.47569444449982257          32.149618165567517           -3786.9864457970561          -3378.8917029767595          -4263.1003518180405          6.3644518908622159           -2.7521389795922997          -3.4723352162532466          
41400                        41400.000004819594           31041.97879456466            0.47916666672244901          32.149618165567517           -1685.7240391934915          -3981.6752275663375          -5023.6238848700359          7.4998498497476387           -1.2250761663668346          -1.545661446101193           
41700                        41700.000004854519           31041.982266786883           0.48263888894507545          32.149618165567517           621.09383942213196           -4098.9373312282714          -5171.5718392053941          7.7207237584083215           0.45137118654207953          0.56948870614965519          
42000                        42000.000004889444           31041.985739009106           0.48611111116770189          32.149618165567517           2852.1761679964343           -3716.3791925025052          -4688.9035919940716          7.0001404774369407           2.0727787967973237           2.6151959857378135           
42300                        42300.000004924368           31041.989211231328           0.48958333339032833          32.149618165567517           4735.467040292674            -2880.6495610951015          -3634.4752175839458          5.4259671980227262           3.4414338722093691           4.3420089310495404           
42600                        42600.000004959293           31041.992683453551           0.49305555561295478          32.149618165567517           6041.3198859409758           -1693.6564568623864          -2136.862637754281           3.1901570061723148           4.3904440071964537           5.539361730719949            
42900                        42900.000004994217           31041.996155675773           0.49652777783558122          32.149618165567517           6610.5003392773515           -300.14060968820559          -378.68320480039523          0.56534231895383813          4.8040878726999905           6.0612504041574482           
43200                        43200.000005029142           31041.999627897996           0.50000000005820766          32.149618165567517           6373.6031156731515           1129.97407766385             1425.6724723642706           -2.1284096346967649          4.6319261571591479           5.8440363781958728           
43500                        43500.000005064066           31042.003100120219           0.5034722222808341           32.149618165567517           5359.51522123621             2422.3008771438786           3056.1831006491511           -4.5626254858044977          3.8949520847776617           4.9142065098747292           
43800                        43800.000005098991           31042.006572342441           0.50694444450346055          32.149618165567517           3691.893500714631            3419.2547753780227           4314.0258751198653           -6.4404794333366819          2.6830315231512141           3.3851433060752179           
44100                        44100.000005133916           31042.010044564664           0.51041666672608699          32.149618165567517           1574.0860478233019           3999.2682296599351           5045.8207292816751           -7.5329878799903192          1.1439448309234463           1.443299176139281            
44400                        44400.00000516884            31042.013516786887           0.51388888894871343          32.149618165567517           -735.66385414332251          4091.6149902617531           5162.3333441322911           -7.7069314587707538          -0.53463332859616153         -0.67453938497761712         
44700                        44700.000005203765           31042.016989009109           0.51736111117133987          32.149618165567517           -2955.7076551914465          3685.0343872737235           4649.3562901137657           -6.9410996668860729          -2.148018844683147           -2.7101253006756911          
45000                        45000.000005238689           31042.020461231332           0.52083333339396631          32.149618165567517           -4815.3354758853984          2829.1044452212154           3569.441466599008            -5.3288772528494386          -3.4994771311383728          -4.4152412981428411          
45300                        45300.000005273614           31042.023933453554           0.52430555561659276          32.149618165567517           -6087.7861942610025          1628.1963892615952           2054.2725870068371           -3.0668569753808632          -4.4242127413062748          -5.5819672697306286          
45600                        45600.000005308539           31042.027405675777           0.5277777778392192           32.149618165567517           -6617.8984660255592          228.74772431646429           288.60780094017463           -0.43086728268729002         -4.8094643569550888          -6.0680338390628252          
45900                        45900.000005343463           31042.030877898              0.53125000006184564          32.149618165567517           -6341.0309408106541          -1198.5942050956364          -1512.249526354648           2.2576619275122081           -4.6082547885467209          -5.814170543854174           
46200                        46200.000005378388           31042.034350120222           0.53472222228447208          32.149618165567517           -5290.9445625828885          -2479.7807782032573          -3128.7046870062486          4.6708941422583861           -3.8451193258711363          -4.8513332156998032          
46500                        46500.000005413312           31042.037822342445           0.53819444450709852          32.149618165567517           -3595.6857945304496          -3458.5854094873089          -4363.648785484469           6.5145622837594299           -2.6131139298046233          -3.2969292575067115          
46800                        46800.000005448237           31042.041294564668           0.54166666672972497          32.149618165567517           -1461.9727637889791          -4015.653659363807           -5066.4939965171152          7.5638513370730571           -1.0624680832410878          -1.3405011043917781          
47100                        47100.000005483162           31042.04476678689            0.54513888895235141          32.149618165567517           850.01173638778266           -4083.0571929547159          -5151.5360910926984          7.6908120639988393           0.61773403900612911          0.77938638776049651          
47400                        47400.000005518086           31042.048239009113           0.54861111117497785          32.149618165567517           3058.3466713767721           -3652.5768920411456          -4608.40512283509            6.8799630028363774           2.2226103018519532           2.8042362977872002           
47700                        47700.000005553011           31042.051711231336           0.55208333339760429          32.149618165567517           4893.749928941189            -2776.705085965757           -3503.3299287003006          5.2301782620533563           3.5564637287686902           4.4871404904705168           
48000                        48000.000005587935           31042.055183453558           0.55555555562023073          32.149618165567517           6132.4143056661651           -1562.2446904691485          -1971.0622520685006          2.9426309122267416           4.4566455917380008           5.622887343009138            
48300                        48300.00000562286            31042.058655675781           0.55902777784285718          32.149618165567517           6623.2983293401321           -157.28576894965136          -198.44525243426597          0.29626214676118601          4.8133886314474648           6.0729850412438111           
48600                        48600.000005657785           31042.062127898003           0.56250000006548362          32.149618165567517           6306.5441022031755           1266.8524190010776           1598.3699591161926           -2.3862325230640882          4.5831919650660016           5.7825491303877232           
48900                        48900.000005692709           31042.065600120226           0.56597222228811006          32.149618165567517           5220.7763120198006           2536.511913581588            3200.2815661874715           -4.7777524299954104          3.7941255395798921           4.7869950695298087           
49200                        49200.000005727634           31042.069072342449           0.5694444445107365           32.149618165567517           3498.392377001705            3496.871729485209            4411.9540993567944           -6.5866780729365804          2.5424073110534344           3.2077197066328327           
49500                        49500.000005762558           31042.072544564671           0.57291666673336294          32.149618165567517           1349.4180395106175           4030.8265691248439           5085.6374443178975           -7.5924309018258889          0.98067052508829111          1.2372982705655802           
49800                        49800.000005797483           31042.076016786894           0.57638888895598939          32.149618165567517           -964.10295900209962          4073.2665233200055           5139.1833402994616           -7.672370441316783           -0.70064822565044571         -0.88399805611988702         
50100                        50100.000005832408           31042.079489009117           0.57986111117861583          32.149618165567517           -3160.062224871609           3619.0165072917403           4566.062455295244            -6.8167489454019448          -2.2965306455370236          -2.8975005604129405          
50400                        50400.000005867332           31042.082961231339           0.58333333340124227          32.149618165567517           -4970.6867223458603          2723.4673052284452           3436.1605661571721           -5.1299000276309359          -3.6123764580917443          -4.5576847981907882          
50700                        50700.000005902257           31042.086433453562           0.58680555562386871          32.149618165567517           -6175.1907447720723          1495.8212744911827           1887.2567581619812           -2.8175163265635743          -4.4877327654463537          -5.662109594807383           
51000                        51000.000005937181           31042.089905675784           0.59027777784649516          32.149618165567517           -6626.6982987410856          85.77632140669219            108.2227837146755            -0.16156755497283595         -4.8158595112491005          -6.0761025156933233          
51300                        51300.000005972106           31042.093377898007           0.5937500000691216           32.149618165567517           -6270.1530130941192          -1334.7281089257147          -1684.0077667271034          2.5140825996747536           -4.5567452543951044          -5.7491816858300382          
51600                        51600.000006007031           31042.09685012023            0.59722222229174804          32.149618165567517           -5149.0316567333366          -2592.477153406679           -3270.8921256729272          4.8831680833334454           -3.7419861233931262          -4.721211498161261           
51900                        51900.000006041955           31042.100322342452           0.60069444451437448          32.149618165567517           -3400.0426257137583          -3534.1021748809235          -4458.9272310274582          6.656805025625868            -2.4709330166436998          -3.1175415901292367          
52200                        52200.00000607688            31042.103794564675           0.60416666673700092          32.149618165567517           -1236.4558606996607          -4044.7823775080365          -5103.245292351593           7.6187179446971305           -0.89857685510163909         -1.1337218365846384          
52500                        52500.000006111804           31042.107266786898           0.60763888895962737          32.149618165567517           1077.9030723318028           -4062.2459376338629          -5125.2788216448907          7.651612159142088            0.78335085272856442          0.98834280273677311          
52800                        52800.000006146729           31042.11073900912            0.61111111118225381          32.149618165567517           3260.8236028342153           -3584.3633665276193          -4522.3410727919372          6.7514765819622236           2.3697575556137891           2.989889927564247            
53100                        53100.000006181654           31042.114211231343           0.61458333340488025          32.149618165567517           5046.1226251630032           -2669.4071780683134          -3367.9536606465181          5.0280728284279625           3.667198436352114            4.6268529205675026           
53400                        53400.000006216578           31042.117683453565           0.61805555562750669          32.149618165567517           6216.1025953043636           -1428.9461977673209          -1802.8814102163276          2.6915509965319577           4.5174648757109992           5.6996221820317281           
53700                        53700.000006251503           31042.121155675788           0.62152777785013313          32.149618165567517           6628.0973476134604           -14.240973845988123          -17.96763730533705           0.026824178129776166         4.8168762502818554           6.077385321095008            
